TAX_CODE
02652520350
02652580594
02652750346
02652760303
02652910213
02652920410
02653040598
02653090841
02653140356
02653430591
02653450300
02653560801
02653610416
02653640413
02653770343
02653840161
02653870614
02653940235
02654060215
02654080270
02654190103
02654220843
02654260641
02654330246
02654440219
02654460282
02654560248
02654620802
02654730643
02654960281
02655130843
02655190607
02655300404
02655450605
02655510127
02655560239
02655950653
02656050925
02656121205
02656130784
02656150246
02656220239
02656230733
02656291214
02656350168
02656510795
02656830805
02657110801
02657130346
02657150161
02657180341
02657190233
02657240616
02657510737
02657591216
02657670127
02657730285
02657820300
02657910424
02657980344
02658160045
02658260167
02658300351
02658320102
02658400904
02658510652
02658821208
02658890849
02658980301
02659340158
02659360842
02659380964
02659450304
02659450361
02659520544
02659610154
02659690800
02659750968
02659790600
02659890129
02659940353
02659960419
02660150273
02660160876
02660250164
02660260189
02660380797
02660440302
02660450426
02660480902
02660531209
02660630407
02660701216
02660980901
02661100848
02661140364
02661180360
02661250643
02661270344
02661420758
02661421210
02661591202
02661630109
02661970133
02661970810
02662110598
02662130646
02662150909
02662400650
02662550181
02662560305
02663220214
02663320048
02663780126
02663950984
02664020902
02664040983
02664500341
02664520653
02664860927
02664950165
02665081200
02665130429
02665610545
02665801201
02665920878
02666010810
02666110016
02666140989
02666561200
02666680422
02666810409
02667060905
02667140236
02667340364
02667580027
02667750166
02667760413
02668050848
02668250240
02668260348
02668510163
02668780980
02669020584
02669090603
02669270155
02669370245
02669570166
02669650026
02669720167
02669720340
02669730133
02669780807
02669810158
02669950426
02670350806
02670470349
02670560586
02670670609
02670791207
02670830344
02671070270
02671080832
02671240212
02671290183
02671490122
02671510242
02671620801
02671800163
02671810352
02671960819
02672060650
02672110133
02672330160
02672850043
02672860604
02673070401
02673340044
02673510604
02673601205
02674060799
02674320367
02674350125
02674440355
02674490301
02674750357
02674780248
02675160804
02675170027
02675210641
02675230359
02675380980
02675420216
02675530642
02675530964
02675750406
02675900605
02675910018
02675930602
02676290782
02676350602
02676620186
02676720184
02676860410
02676980838
02677130805
02677310985
02677480838
02677650109
02677740355
02677760023
02677780732
02678160348
02678160595
02678190428
02678280351
02678600343
02678670643
02678960788
02679280608
02679821203
02679840211
02680070360
02680100357
02680200355
02680490584
02680670599
02680730609
02680750649
02680870165
02680960602
02681050353
02681470593
02681600249
02681601213
02681851206
02681901209
02681940785
02682150756
02682440611
02682560301
02682630427
02682680737
02682940925
02683220368
02683340927
02683360230
02683520593
02683600544
02683830349
02683940965
02684060219
02684220987
02684340603
02684390590
02684420108
02684500107
02684510361
02684530732
02684940840
02684950732
02685010304
02685070134
02685261212
02685350353
02685480986
02685630606
02685640134
02685960656
02686200045
02686580164
02686950011
02686961208
02687020350
02687180238
02687210340
02687240644
02687300422
02687400594
02687550422
02688060017
02688850243
02689150346
02689170658
02689250591
02689460125
02689460844
02689480842
02689520969
02689570592
02689760789
02689810907
02689820245
02689850820
02690000787
02690020793
02690090135
02690250598
02690270216
02690380965
02690390808
02690450644
02690730847
02690860594
02690880345
02691021204
02691260240
02691490102
02691580233
02691650739
02692030592
02692030790
02692161215
02692220342
02692340249
02692910405
02692980234
02693090348
02693140606
02693250983
02693380020
02693520849
02693550606
02693880359
02694000189
02694080249
02694200607
02694470010
02694510047
02694520731
02694640604
02694770344
02694780277
02694810181
02695450656
02695460846
02695540647
02695660346
02695920351
02696040423
02696090212
02696110341
02696180989
02696450846
02696570791
02696730130
02696890215
02696900816
02696940275
02697060602
02697970347
02698010283
02698150808
02698290802
02698390842
02698391204
02698420045
02698510928
02698820285
02699130841
02699430845
02699530644
02699680985
02700500594
02700521202
02700550045
02700620848
02700670280
02700790344
02700840925
02700880277
02700890656
02701021202
02701040780
02701810737
02702030285
02702050275
02702150356
02702200607
02702250800
02702590619
02702640737
02703030607
02703300349
02703320594
02703601209
02703671202
02703720124
02703740239
02703740833
02703810982
02703860599
02704180369
02704560644
02704800347
02704910138
02704970363
02705050801
02705091201
02705220594
02705230304
02705400733
02705571202
02705580815
02705610406
02705710180
02705830426
02706040215
02706440597
02706590722
02706760309
02707040230
02707110280
02707310658
02707410987
02707440356
02707450967
02707860736
02707870594
02707980237
02708230285
02708340274
02708460908
02708600420
02708600909
02708720046
02708720350
02709120279
02709570648
02710060019
02710150273
02710210341
02710360369
02710470358
02710570249
02710690732
02710960408
02711000402
02711040424
02711230405
02711351201
02711450409
02711900593
02711940649
02712070230
02712121207
02712250162
02712370804
02712780408
02712821202
02712840244
02712910609
02713070049
02713100275
02713330245
02713430987
02713550784
02713570600
02713630362
02713660138
02714080286
02714360647
02714370281
02714430606
02714640923
02714800360
02714910102
02715610602
02715780819
02715890303
02716240276
02716250358
02716550427
02716560210
02716590308
02716650961
02716900366
02716930819
02716960246
02717040279
02717090647
02717120592
02717210369
02717280594
02717300046
02717680108
02717870246
02717910042
02718380781
02718840362
02719050607
02719190593
02719270239
02719361202
02719450211
02719480044
02719540102
02719550879
02719590602
02719640803
02719700045
02720540042
02720590302
02720640800
02720670989
02720700737
02720810247
02720930243
02720940838
02721010219
02721250278
02721340301
02721610596
02721670210
02721710354
02721760789
02721860241
02721980189
02722140247
02722430804
02722530595
02722830011
02722890270
02722920796
02722971211
02723200107
02723260986
02723650640
02723730806
02724030131
02724210212
02724290362
02724290982
02724560368
02724730219
02724930231
02724970138
02725450783
02725450908
02725570648
02725611202
02725880732
02725940734
02726090844
02726110279
02726150796
02726320548
02726330802
02726480359
02726550102
02726680792
02726700343
02726720796
02726771203
02726790104
02726800838
02726960640
02727070365
02727180594
02727290799
02727390136
02727620961
02727860351
02727900041
02728480845
02728870870
02729030300
02729200598
02729210845
02729240792
02729400966
02729430591
02729930210
02729940425
02729950366
02730360845
02730590870
02730920168
02731200966
02731220428
02731230153
02731460040
02731480212
02731520611
02731880783
02732090879
02732120346
02732230871
02732290230
02732380049
02732390642
02732441213
02732480807
02732530833
02732570045
02732620428
02732720210
02732860347
02733070987
02733090274
02733400606
02733440800
02733460840
02733940783
02733970236
02734040120
02734540285
02734570340
02734620210
02734670843
02734830801
02734920214
02734980127
02735030161
02735110161
02735580793
02735610541
02735910982
02736070547
02736400348
02736440237
02736470242
02736510641
02736790102
02737000014
02737010161
02737011219
02737120168
02737380218
02737400545
02737670212
02737760245
02737850848
02737940789
02737980363
02738030218
02738070248
02738450879
02738620125
02738661210
02738740873
02738860010
02738940846
02738971205
02739050801
02739140214
02739220651
02739240162
02739310353
02739430342
02739500920
02739660641
02739800346
02739941215
02740010596
02740130592
02740290610
02740401217
02740430877
02740541210
02740600784
02740630302
02740700642
02740750134
02740770132
02741261214
02741350983
02741360792
02741490169
02741530592
02741640987
02741910109
02741930354
02741950352
02742310341
02742320647
02742360841
02742370121
02742570043
02742730647
02742930213
02743050607
02743210920
02743310837
02743410215
02743510642
02743540789
02743700649
02743730125
02743770600
02743940344
02743970218
02744070273
02744150802
02744470739
02744530730
02744890217
02744890738
02744940368
02745110599
02745130647
02745280921
02745650735
02745670238
02745700233
02746110127
02746270780
02746420138
02746490826
02746800925
02746840731
02746970017
02746990833
02747020135
02747710362
02747710594
02747960124
02747960363
02748000425
02748180136
02748920218
02749090649
02749270126
02749360968
02749380644
02749500795
02749600835
02749710238
02749970790
02750070795
02750080877
02750200590
02750240737
02750270841
02750280592
02750280642
02750340792
02750380640
02750410595
02750450617
02750800365
02750840361
02751150984
02751240926
02751270303
02751480126
02751630654
02751680600
02751820362
02751880960
02751920303
02752320248
02752320792
02752330346
02752540647
02752690368
02752890968
02753200597
02753260211
02753400304
02753960125
02754070163
02754470132
02754700645
02754711204
02754760169
02754900617
02755050594
02755140601
02755260961
02755610017
02755620131
02755720352
02755790165
02755840309
02756010365
02756230781
02756460305
02756530602
02756560369
02756780124
02756801219
02756950214
02756960304
02756991200
02757201203
02757310210
02757350646
02757490608
02757770348
02757980368
02758050849
02758050989
02758100800
02758220277
02758460923
02758530600
02758650648
02758650986
02758990044
02759200732
02759230168
02759670843
02759730308
02759880210
02759980929
02760080305
02760400594
02760480364
02760540217
02760651204
02760690046
02760720124
02760750733
02760840641
02761260872
02761750369
02761830831
02761890272
02761940218
02761940234
02762020168
02762400212
02762500599
02762870653
02763180607
02763440167
02763810245
02763990237
02764250961
02764420127
02764720609
02764890345
02764970279
02765010307
02765140369
02765180837
02765350588
02765660804
02765890591
02766040162
02766100420
02766191213
02766200121
02766330605
02766720045
02766740597
02766830042
02766840249
02766860346
02766870964
02766930016
02767060235
02767310804
02767390368
02767410042
02767620590
02767640135
02768040350
02768180602
02768190643
02768240018
02768640878
02768650240
02768680791
02768721215
02769000643
02769880960
02770010243
02770200422
02770340343
02770481204
02770600233
02770940605
02771340342
02771440597
02771510365
02771690340
02771890163
02771890353
02772000648
02772221202
02772350845
02772500233
02772860215
02773010364
02773110362
02773130873
02773230608
02773530163
02773550542
02773820242
02773890138
02774150839
02774260547
02774330605
02774400358
02774451203
02774710343
02774750604
02774980359
02775230929
02775330729
02775800739
02776070647
02776160596
02776170124
02776190981
02776630598
02776640274
02776660546
02776710135
02776720597
02776770279
02776800365
02776930840
02777400348
02777470242
02777510351
02777700929
02777920808
02778300216
02778421210
02778600599
02778660981
02778770137
02778820643
02778990164
02779180120
02779370218
02779480983
02779591219
02779710603
02779741202
02779770847
02779941208
02780170342
02780260655
02780360356
02780660367
02780680043
02781060872
02781280348
02781310137
02781360652
02781601204
02781710849
02781970641
02782000877
02782390013
02782500983
02782530592
02782600247
02782630368
02782810960
02782890848
02782920231
02783020353
02783071208
02783160605
02783170216
02783360601
02783480045
02783800648
02783940352
02784050805
02784230845
02784240596
02784390599
02784450351
02784481216
02784500601
02784670362
02784710879
02784870343
02785080231
02785350923
02785440245
02785510161
02785710969
02785730249
02785980216
02786221206
02786270617
02786320875
02786421210
02786481206
02786540126
02786610614
02786640843
02786670543
02786710596
02786760989
02786920617
02786970216
02787260831
02787420369
02787500590
02787850342
02787860739
02787890595
02787930128
02788420590
02788450241
02788560791
02788720833
02788740047
02788810303
02788830301
02788950844
02789280647
02789840341
02789970270
02789990161
02790000786
02790080648
02790100123
02790100594
02790180844
02790270967
02790380345
02790420596
02790460832
02790640599
02790800169
02790940791
02791220011
02791351204
02791410216
02791520782
02791700921
02791790641
02791870120
02791980309
02792020162
02792210920
02792321214
02792430304
02792500163
02792630218
02793000601
02793220365
02793251212
02793360104
02793460045
02793500980
02793610599
02793880838
02793940921
02794130167
02794420980
02794460010
02794560801
02794610242
02794620217
02794630216
02794700597
02794720041
02795100359
02795220595
02795340237
02795450242
02795590351
02795770342
02796320154
02796620231
02796620843
02796690341
02796820237
02797020233
02797070162
02797070352
02797160591
02797210164
02797330137
02797560733
02797640345
02797700347
02798000358
02798010647
02798020612
02798090797
02798450124
02798590739
02798640799
02798690364
02799210790
02799420928
02799600982
02799640830
02799891201
02799980988
02800010247
02800010809
02800150167
02800180107
02800270619
02800390920
02800510733
02800940641
02801450988
02801580842
02801680543
02802070348
02802090833
02802310751
02802420162
02802461208
02802490215
02802560736
02802810735
02802820304
02802850350
02803240213
02803550231
02803620232
02803710736
02803810163
02803850789
02803930342
02804060230
02804150130
02804170732
02804370241
02804450100
02805080245
02805220593
02805251200
02805310592
02805470131
02805470842
02805510787
02805530165
02805590649
02805810781
02805930241
02806230237
02806230849
02806591216
02806610834
02806620643
02806830648
02807080136
02807160136
02807460239
02807540212
02808610279
02808630590
02808860361
02808870840
02808910125
02809300136
02809970789
02810100210
02810340964
02810520730
02810570610
02810750212
02810870044
02811250659
02811291208
02811340989
02811430244
02811910302
02811950126
02812000160
02812270599
02812450308
02812620363
02812740120
02813540040
02813570799
02813750219
02814040214
02814220212
02814530123
02814610800
02814620239
02814820540
02815020595
02815490806
02815660341
02815750597
02815821208
02815860172
02815860305
02816070151
02816140210
02816220178
02816230342
02816270603
02816430231
02816470781
02816590786
02816630343
02816930347
02817380344
02817380963
02817460617
02817460849
02817510163
02817600212
02817650340
02817680172
02817851203
02818030344
02818030369
02818210599
02818260164
02818280303
02818360212
02818690360
02818700797
02818740363
02818740645
02818790236
02818800357
02818850980
02818910545
02818950046
02818950848
02819160611
02819190600
02819630167
02819710738
02819790367
02820280606
02820340780
02820710040
02820820963
02821170640
02821230592
02821330590
02821460355
02821490600
02821680341
02821720790
02821870876
02822000606
02822270969
02822310922
02822420127
02822421216
02822740961
02822910986
02822930752
02823100645
02823130964
02823160789
02823320797
02823480641
02823490541
02823570243
02823630849
02823770801
02824040873
02824100594
02824271213
02824360644
02824370981
02824470641
02824680926
02824720045
02824760165
02824990598
02825180157
02825410653
02825410794
02825500131
02825720929
02825760966
02825930247
02826170801
02826560985
02826730216
02826910784
02826930212
02826970648
02827060134
02827070273
02827120235
02827180361
02827850799
02827920121
02827950599
02827980844
02828190153
02828200606
02828220984
02828280160
02828560215
02828570842
02828730131
02828750139
02828770806
02828781209
02829150834
02829180237
02829200365
02829240155
02829330592
02829341201
02829440649
02829520309
02829661202
02829670831
02829680640
02829730163
02829780101
02829780648
02829901202
02830000044
02830050163
02830170128
02830180655
02830220139
02830300808
02830350613
02830530248
02830780876
02830810731
02831061201
02831070830
02831141219
02831320599
02831590167
02831660168
02831790171
02831920232
02832000166
02832030981
02832100545
02832220590
02832220988
02832300210
02832350983
02832500157
02832850362
02832870600
02833100643
02833160217
02833200138
02833250802
02833400928
02833891217
02833910967
02834010270
02834470219
02834570216
02834700151
02834900215
02835291200
02835460649
02835470655
02835790219
02835970241
02836150926
02836230645
02836500591
02836540647
02836960274
02837230610
02837270640
02837290606
02837330642
02837360839
02837370218
02837400734
02837700364
02837800347
02837890348
02837950613
02838090641
02838540132
02838590210
02838650584
02838730808
02839050602
02839250160
02839320245
02839360167
02839500168
02839580608
02839630924
02839790215
02840180653
02840781211
02840920801
02840970798
02841010735
02841010792
02841150549
02841220649
02841240969
02841300722
02841520212
02841560044
02841560960
02841660653
02841670249
02841840545
02841851203
02841930643
02842030245
02842360048
02842390839
02842770808
02842950731
02843130366
02843300738
02843440245
02843611209
02843970985
02844220752
02844230165
02844290581
02844330122
02844620985
02844850988
02844940797
02845060645
02845480595
02845610126
02845710215
02845710611
02845910211
02846220271
02846530794
02846550230
02846990600
02847380926
02847460926
02847520174
02847680168
02848110645
02848280927
02848360307
02848620163
02848700130
02848720369
02848790925
02849040213
02849340845
02849380841
02849530361
02849600248
02849690215
02849900648
02849930983
02850310547
02850410545
02850580172
02850610367
02850980166
02851000790
02851080362
02851550844
02851570966
02851730792
02851740734
02851860649
02851901203
02852030218
02852160122
02852220611
02852390604
02852430244
02852550041
02852590872
02852660246
02852820345
02852990049
02853080840
02853530596
02853600589
02853600845
02853990543
02854000730
02854240963
02854320799
02854500168
02854650641
02854740137
02854830805
02854900608
02854960164
02855080210
02855100877
02855281206
02855470734
02855470791
02855520215
02855530610
02855640211
02855760100
02855780983
02855800591
02855830879
02855930240
02855951212
02856100017
02856450594
02856470139
02856660606
02856780842
02856890237
02856941204
02857060244
02857100644
02857210724
02857430546
02857510131
02857530659
02858630920
02858700103
02858700921
02858750272
02858760610
02858840362
02858890730
02859320240
02860200126
02860270616
02860330980
02860360128
02860670591
02860821202
02861080121
02861140362
02861160873
02861280168
02861340137
02861570808
02861601207
02861770648
02861890131
02861971212
02862160237
02862190929
02862380967
02862480155
02862700362
02862740616
02862770100
02863180218
02863750648
02863840597
02863860165
02864091208
02864350240
02864441205
02864450164
02864450271
02864630245
02864890732
02865100982
02865180216
02865330985
02865410597
02865420364
02865430603
02865480640
02865640219
02865870212
02865890657
02866170646
02866180272
02866490614
02866500164
02866670017
02866670983
02866690734
02866800838
02867090546
02867160653
02867660157
02867740017
02868070596
02868320546
02868530235
02869190872
02869300174
02869680872
02869780789
02869800595
02869810586
02869880159
02869910964
02870140130
02870320278
02870350606
02870390644
02870580277
02870790231
02871140014
02871170730
02871300048
02871310104
02871810640
02871890642
02871900847
02871910655
02872080540
02872101205
02872120593
02872150848
02872270240
02872390840
02872600164
02872710161
02872720277
02872850595
02872940214
02872970609
02873270215
02873330613
02873360594
02873570739
02873640300
02873680108
02873800730
02874071216
02874321207
02874520139
02874630615
02875000347
02875070738
02875300242
02875500171
02875640217
02875831204
02875840643
02875960607
02876000783
02876220845
02876270980
02876350238
02876370962
02876970217
02877230652
02877830592
02877830873
02877890216
02878080130
02878090139
02878190962
02878250303
02878320544
02878320643
02878500160
02878670542
02878740964
02878760780
02878780242
02878850300
02878880240
02878910237
02879360234
02879420608
02879790786
02879810238
02880030644
02880060302
02880290784
02880390246
02880400243
02880420647
02880500604
02880911207
02881240614
02881300640
02881810721
02881890046
02882570167
02882590645
02882640606
02882670611
02882800242
02883250017
02883620649
02883740157
02883901205
02883940989
02884260585
02884470846
02884980927
02885200788
02885230835
02885330155
02885420964
02885540647
02885620340
02886180153
02886360300
02886470364
02886560214
02886580618
02886630215
02886650106
02886740212
02886740964
02886940150
02887050173
02887130041
02887130363
02887400345
02887480651
02887500243
02887600597
02887850804
02888050248
02888090160
02888300601
02888810591
02889130049
02889161200
02889560799
02889750788
02889880106
02890030543
02890280981
02890410166
02890460781
02890570985
02890650548
02891040848
02891120160
02891250363
02891270809
02891291201
02891301208
02891590164
02892040219
02892140043
02892350964
02892400967
02892450236
02892520210
02892550928
02892610219
02892640158
02892890175
02893150231
02893180154
02893271201
02893470217
02893630836
02893720041
02893890588
02893980595
02894150156
02894370846
02894410642
02894440987
02894960216
02894970843
02895030126
02895240642
02895410591
02895510044
02895530240
02895590988
02895720759
02895751200
02895960736
02896161201
02896170046
02896200603
02896261209
02896270606
02896420649
02896430044
02896440985
02896450307
02896460249
02896570211
02896620644
02896931207
02897140212
02897290785
02897340218
02897370736
02897430845
02897440307
02897680134
02897890790
02897970592
02898270646
02898700212
02898910217
02898940644
02899000844
02899010652
02899270173
02899400218
02899440107
02899480616
02899710210
02899730754
02899860213
02899900134
02899960211
02900110616
02900140647
02900180163
02900510781
02900520988
02900560133
02900560596
02900710647
02900720612
02900730041
02900990587
02901310215
02901450805
02901480927
02901520649
02901670600
02901940367
02902040605
02902170600
02902190640
02902240304
02902340369
02902430640
02902660048
02903320964
02903370233
02903480982
02903600605
02903710040
02903830210
02903980122
02904080609
02904140049
02904260599
02904510126
02904640964
02904750599
02904790736
02904810302
02905040602
02905210247
02905560120
02905630238
02905740797
02905860041
02905970121
02906360173
02906390782
02906810540
02906890831
02907000240
02907010546
02907050724
02907170597
02907210120
02907240275
02907490987
02907491217
02907710137
02907800367
02907930925
02908070788
02908200831
02908570043
02908580232
02908690601
02908760040
02908950922
02909200806
02909310217
02909420644
02909540128
02910060967
02910150305
02910190590
02910330642
02910490594
02910630124
02911050736
02911100960
02911220594
02911240642
02911270581
02911370548
02912120132
02912210925
02912220981
02912320781
02912530173
02912940802
02913050247
02913120982
02913160236
02913350241
02913370546
02913430985
02913600983
02913910929
02913910960
02914120619
02914210659
02914430604
02914610163
02914640160
02914730219
02914760794
02914880592
02914900127
02914980301
02915671206
02915730218
02915950808
02916090968
02916120989
02916390129
02916480649
02916770981
02916850791
02916880962
02917130607
02917150100
02917670610
02917830271
02917870541
02918150646
02918290178
02919030136
02919140125
02919230595
02919730230
02919890174
02920020233
02920070360
02920300213
02920370596
02920370646
02920380215
02920510647
02920530546
02920650161
02921000929
02921031205
02921180127
02921350589
02922330044
02922481219
02922510017
02922620121
02922620212
02922940016
02923070177
02923080275
02923340604
02923410233
02923830273
02923860783
02923940809
02924070960
02924580968
02924870963
02924880988
02925010619
02925170983
02925320547
02925500650
02925530301
02925560985
02926120219
02926130218
02926250040
02926490802
02926560653
02926730926
02926890217
02926990124
02927070652
02927220042
02927260238
02927450797
02927610366
02927680237
02927690368
02927740874
02927910238
02927910600
02927950366
02928060041
02928160585
02928380134
02928410659
02928681200
02928710595
02928780168
02928930151
02929000798
02929030134
02929130132
02929300610
02929400642
02929480172
02929560239
02930100652
02930150368
02930640137
02930730599
02930780982
02930840802
02931020305
02931070367
02931100727
02931110213
02931320242
02931610782
02931830737
02932050988
02932060128
02932300128
02932331206
02932370642
02932400597
02932440791
02932441203
02932550136
02932560135
02932820109
02932850270
02932910363
02933190213
02933200368
02933320646
02933510014
02934060738
02934240595
02934310232
02934520962
02934640604
02934670924
02934911203
02934940368
02935220794
02935580213
02935850244
02936120217
02936280219
02936541206
02936560214
02936760160
02936910245
02936970611
02937020242
02937141204
02937351209
02937360218
02937510960
02937660211
02937740237
02937830210
02938020654
02938130966
02938290240
02938330962
02938510043
02938611205
02938870157
02938960271
02939160871
02939180234
02939240046
02939330987
02939410987
02939560583
02939750788
02939820243
02939930786
02940260165
02940260645
02940300151
02940750983
02940751205
02940871201
02940920248
02940920834
02940990274
02941420230
02941540987
02941560167
02941581205
02941640985
02941660272
02941780179
02941860302
02942010014
02942020153
02942020302
02942051208
02942070596
02942130598
02942190584
02942500238
02942510211
02942560802
02942680048
02942760980
02943140133
02943490983
02943510731
02943520789
02943560165
02943770871
02943820163
02944010988
02944240247
02944241203
02944251202
02944290739
02944330238
02944570171
02944670047
02944800172
02944860010
02944990361
02945000871
02945040836
02945470645
02945490643
02945510366
02945791214
02945860605
02945890230
02945930788
02946260730
02946330608
02946410962
02946570989
02946710163
02946740541
02946860216
02946860273
02946890643
02947010795
02947020968
02947360836
02947450215
02947530602
02947530982
02947710592
02947960833
02948660960
02949140244
02949200139
02949200725
02949220731
02949450247
02949490540
02949520643
02949650580
02949740241
02949820969
02949870212
02950071205
02950250833
02950310736
02950440590
02950640231
02950920237
02950930244
02951240643
02951990734
02952050165
02952080139
02952110233
02952110647
02952540173
02952570733
02952680276
02953080237
02953340367
02953990963
02954140618
02954261208
02954280596
02955050733
02955210733
02955580598
02955620832
02956480806
02956610733
02956661207
02956690966
02956730168
02956830166
02957090273
02957551209
02957560549
02957660364
02957670926
02957770361
02958050128
02958290781
02958420610
02958500650
02958510659
02958880367
02959040920
02959280963
02959350808
02959430642
02959690609
02959900651
02959970175
02960041206
02960070981
02960170120
02960640924
02960660591
02960670277
02960680615
02960690218
02961400732
02961801210
02961870967
02961890122
02962140923
02962270597
02962830648
02963230244
02963440652
02963440983
02963750613
02964250654
02964400614
02964450163
02964510644
02964560235
02965231208
02965690163
02965830645
02965860543
02966440980
02966630242
02967090875
02967250016
02967290590
02967410214
02967410545
02967650249
02967850245
02967960606
02967970217
02968010989
02968180600
02968180782
02968700233
02968930806
02968950044
02968990792
02969090238
02969440920
02969631205
02970080137
02970180168
02970440612
02970500167
02970650236
02971040593
02971380247
02971420175
02971591207
02971830241
02972260737
02972330365
02972510735
02972550129
02972550988
02972700278
02972810739
02972960237
02972960369
02973000306
02974020238
02974110831
02974130805
02974360139
02974360808
02974440212
02975040730
02975250735
02975330248
02975490232
02975630548
02975680832
02975690237
02976040010
02976050100
02976431201
02976660361
02976730214
02976740213
02976800215
02976940219
02977060132
02977091202
02977510045
02977520986
02977560107
02978020986
02978320980
02978330732
02978390967
02978620165
02978970545
02979130123
02979471204
02979660368
02979670136
02979810922
02979900129
02980300178
02980600981
02980730804
02980840835
02980880120
02981040245
02981090158
02981270362
02981310838
02981340124
02981440239
02981610245
02981720366
02981840875
02982170983
02982190874
02982540961
02982610830
02982720167
02982850212
02982910602
02982930048
02982970549
02983100872
02983220654
02983750247
02983870987
02984000162
02984220836
02984500245
02985180153
02985410105
02985661202
02985710603
02985830591
02985850805
02985950605
02985991203
02986411201
02986820237
02987210164
02987671209
02987830540
02987870272
02987990278
02988331209
02988500274
02988670135
02988710600
02988941205
02989171208
02989490368
02989570136
02989930785
02990060580
02990320240
02990600799
02990630804
02990680601
02990840049
02990890234
02991200367
02991260965
02991570363
02991721214
02992120648
02992260832
02992330015
02992390837
02992750170
02992860540
02993320965
02993420237
02993581202
02993820758
02993860234
02993960133
02994030928
02994120232
02994400360
02994481212
02994690242
02994740617
02994800650
02994850234
02994880231
02994940795
02995120041
02995180243
02995310923
02995350242
02995720139
02995780786
02996020018
02996050833
02996460586
02996580839
02996900276
02996950545
02996970360
02997060211
02997070160
02997210238
02997270109
02997430042
02997530650
02997570235
02997580366
02997611211
02997810797
02998260802
02998620609
02998680231
02998740985
02999030170
02999030964
02999070739
02999180017
02999210160
02999340736
02999390798
02999570878
02999640606
02999660836
02999670272
03000070122
03000270268
03000610364
03000920599
03000960926
03001170640
03001330798
03001430127
03001650641
03001781206
03002000101
03002240160
03002560161
03002830366
03002930836
03003130832
03003210360
03003240128
03003410820
03003460122
03003790049
03003790361
03003800731
03004160986
03004280214
03004460618
03004641209
03005260611
03005380138
03005440247
03005550789
03005940717
03005960277
03006070787
03006350239
03006500049
03006691210
03006830545
03006900827
03007170735
03007410214
03007560794
03007590619
03007701216
03007781200
03007820123
03007850989
03007980711
03008020608
03008140216
03008301214
03008450276
03008540548
03008641205
03009560982
03009670138
03009750658
03009810270
03009840210
03009850136
03010010597
03010020133
03010170276
03010330045
03010380966
03010470163
03010500969
03010910135
03011430166
03011810805
03011820218
03012170985
03012260216
03012430231
03012550129
03012860361
03012910802
03012960781
03013600592
03013700756
03013780980
03013820588
03014220275
03014260362
03014320018
03014390367
03014440725
03014601201
03014640274
03014690048
03014730653
03014920262
03014940369
03014960870
03015070927
03015090271
03015200151
03015330362
03015430139
03015600657
03015980216
03016110169
03016150728
03016250718
03016610960
03016730487
03016990230
03017120126
03017810163
03017920541
03018040364
03018210371
03018580237
03018900245
03018920615
03019000177
03019080963
03019120249
03019440167
03019550783
03019830920
03020780049
03020810267
03020870733
03021490580
03021510981
03021530237
03021780121
03021970177
03021990365
03022160794
03022620607
03022760049
03022760270
03023690542
03023840733
03023860368
03024030367
03024140877
03024410734
03024570131
03024650966
03024950176
03024950614
03025550967
03025610365
03025690268
03025740360
03025760921
03025840962
03025860549
03026290134
03026390967
03026650261
03027160799
03027240716
03027410988
03027850274
03028710808
03028720823
03028790248
03028820540
03028860363
03028930836
03029341215
03029440611
03029760042
03029930611
03030050615
03030080273
03030150175
03030230738
03030240372
03030290237
03030350874
03030470045
03030671204
03030801207
03031270360
03031650157
03032400271
03032430963
03032510178
03032700274
03033030986
03033410980
03033710793
03033740360
03033920137
03034160618
03034560981
03034670962
03034970131
03034970834
03035340136
03035820244
03036311219
03036380792
03036540783
03036580235
03037180233
03037411208
03037840364
03037850231
03038200360
03038510123
03039171214
03039380369
03039410653
03039430164
03039501212
03039521210
03039530138
03039690619
03039830611
03039880988
03040080248
03040380168
03040480125
03040600714
03041280482
03041390240
03041390612
03042040737
03042070379
03042460240
03042680243
03042700124
03042910368
03043020266
03043060981
03043200611
03043270796
03043540131
03043690266
03043830169
03044050874
03044070245
03044220873
03044360984
03044630543
03045160177
03045340126
03045860370
03045920273
03046130922
03046150128
03046180547
03046350173
03046650655
03046980177
03047040237
03047451202
03047520121
03047520360
03047600378
03047820240
03048300242
03048310787
03048840544
03049151214
03049550233
03049650165
03049730983
03050100613
03050380165
03050390545
03050500481
03050740178
03051310617
03051430134
03051600736
03051950016
03052370370
03052390485
03052490103
03052660739
03052660804
03052700618
03052720244
03053030171
03053430967
03053840546
03053970780
03054010263
03054250737
03054751213
03054850247
03055070175
03055171213
03055260123
03055520658
03055540987
03055610715
03056170248
03056380375
03056691201
03057160610
03057350617
03057380549
03057400362
03057500658
03057630240
03057720371
03058000237
03058230966
03058420732
03059020739
03059050983
03059060982
03059130967
03059300982
03059320659
03059330799
03059350276
03059570980
03059880371
03059890966
03059960108
03060050717
03060280132
03060450982
03060530262
03060710963
03060870965
03061080838
03061190785
03061200543
03061290130
03061321208
03061420166
03061580837
03061800581
03061800730
03061850610
03062160266
03062240365
03062470830
03062660125
03062690239
03062760230
03063030922
03063170124
03063320984
03063490787
03063720548
03064320249
03064320983
03064430659
03064690989
03064740966
03064800984
03065140984
03065150793
03065700548
03066060611
03066330485
03066500178
03066961214
03067210371
03067240618
03067330120
03067510960
03067920920
03068010986
03069361206
03069690265
03069700239
03069790610
03069990541
03070000546
03070011212
03070370121
03070730019
03071200137
03071270619
03071411205
03071480481
03071720365
03071810232
03072130739
03072160736
03072230125
03072280120
03072330040
03072340122
03072520137
03072770831
03072990165
03073120168
03073470928
03073520169
03073850178
03074340922
03074370127
03074651211
03074810122
03074811203
03075030167
03075150122
03075250922
03075270961
03075410245
03075580658
03075591200
03075621205
03075721211
03075940175
03075991202
03076040611
03076130487
03076220965
03076360613
03076411218
03076510241
03076640139
03076740616
03077480246
03077500241
03077510042
03077710790
03077841207
03078010174
03078091216
03078170366
03078180373
03078220989
03078910126
03078920877
03079040139
03079070169
03079280123
03079310839
03079450544
03079670166
03079670232
03079830984
03080331204
03080350246
03080510542
03080950375
03081090171
03081120788
03081360798
03081640132
03081900163
03081941209
03081950960
03082300132
03082410733
03082420377
03082480132
03082610266
03082750237
03083180178
03083210488
03083280135
03083300131
03083520167
03083690374
03083930242
03084260235
03084300361
03084400831
03084420789
03084490238
03084690266
03085160368
03085540049
03085700106
03085910838
03086090481
03086900234
03087260836
03087550657
03087700781
03087731208
03087870279
03087940106
03088130756
03088420488
03088420835
03088980796
03089000164
03089040236
03089500171
03089531200
03089800233
03089870137
03089970010
03090310735
03090530274
03090620232
03090780010
03090790738
03090890231
03091080014
03091390546
03091530273
03091720247
03091760615
03091800247
03091880249
03092070824
03092160369
03092280969
03093470361
03093470874
03093550980
03093700015
03094310830
03094780271
03094920877
03095040121
03095310656
03095350371
03095520965
03095550277
03095630921
03095710798
03095890582
03096480243
03096510924
03096880731
03097271211
03097331205
03097740983
03097770162
03098070984
03098180718
03098770922
03098780046
03098820966
03099110169
03099141206
03099160784
03099170106
03099230652
03100020126
03100070360
03100090236
03100130487
03100230139
03100330368
03100420235
03100430366
03100430408
03100490782
03100500176
03100710833
03100860406
03101260960
03101400483
03101480402
03101860124
03102050402
03102120544
03102130485
03102170481
03102300138
03102590837
03102810409
03103611202
03103780130
03104390244
03104410018
03104410984
03104630268
03104690122
03105010734
03105150795
03105150985
03105180982
03105550796
03105600138
03105710549
03105990794
03106030160
03106210010
03106350279
03106560877
03107080164
03107080834
03107100798
03107180154
03107180782
03107201208
03107270153
03107810131
03107990164
03108100755
03108560172
03108810981
03108891205
03109960736
03110040635
03110110404
03110140583
03110150582
03110160581
03110170754
03110360249
03111050989
03111191205
03111230177
03111620237
03111740167
03111770131
03111920488
03112220581
03112530542
03112840545
03112870872
03112970367
03112980242
03112980374
03113430130
03113620839
03113790160
03113971208
03114080405
03114200243
03114290616
03114470135
03114470986
03114561214
03114640547
03114730165
03114880549
03115110169
03115150793
03115210613
03115400545
03115850277
03116000542
03116010616
03116060363
03116260153
03116260278
03116290242
03116461215
03116590047
03116600549
03116650544
03116850276
03116970835
03117310239
03117430136
03117470785
03117530158
03117540249
03117620249
03117700835
03117710016
03117920656
03117920797
03118101207
03118160617
03118390362
03118400278
03118460124
03118530793
03118540966
03118680614
03118700982
03118980238
03119190787
03119360166
03119930927
03120300235
03120390780
03120430271
03120490135
03120540616
03120790401
03120800044
03121200723
03121330728
03121340370
03121500130
03121520617
03121690733
03122670361
03122780368
03123540738
03123610135
03123710018
03123711206
03123800371
03123801205
03123980132
03123980363
03124090659
03124110127
03124500483
03124530837
03124780739
03124900659
03124940234
03124980362
03125090732
03125550792
03125630834
03125780837
03125840615
03125921217
03126090236
03126130966
03126170137
03126890544
03126950710
03126980923
03126990963
03127000986
03127040982
03127200362
03127340168
03127500712
03127830044
03128140260
03128150103
03128420985
03128570482
03128830407
03129171207
03129320614
03129400986
03129620542
03129630798
03129700138
03129900167
03129960237
03130000171
03130630613
03130731205
03130770120
03131070264
03131170759
03131650610
03132130968
03132350178
03132390042
03132440169
03132940549
03133030043
03133060248
03133160402
03133210249
03133320659
03134160278
03134580962
03134591209
03134611213
03134620164
03134630163
03134670045
03134910961
03134960131
03135580151
03135630360
03135680233
03135690794
03135700874
03135750242
03135860405
03135980369
03136110230
03136600172
03136650045
03136730151
03136800137
03136850793
03136880360
03137040543
03137160044
03137420232
03137790279
03138020049
03138070739
03138280239
03138360726
03138990167
03139350163
03139410967
03139590230
03140080262
03140140710
03140370101
03140430046
03140760616
03140770615
03140840798
03140930011
03141100838
03141110837
03141120265
03141180798
03141620371
03141850481
03141951206
03142000276
03142330541
03142340482
03142440738
03142560832
03142890486
03142920838
03142980048
03143050924
03143110926
03143240616
03143260275
03143330045
03143420838
03143430365
03143700247
03143720831
03143850794
03143960361
03144140963
03144220013
03144270737
03144451204
03144700360
03144850165
03145340018
03145500363
03145640839
03145660126
03145760967
03145850834
03145900969
03146350040
03146850403
03147590248
03147610046
03147830248
03147930790
03148060365
03148100369
03148131208
03148170362
03148330651
03148400041
03148720984
03148770120
03148960234
03149060265
03149250403
03149420279
03149600920
03149650925
03149950838
03149960795
03149980264
03150030124
03150170987
03150300782
03150550014
03150620015
03151890237
03152000174
03152091207
03152210542
03152390245
03152670240
03152770172
03152780262
03152960237
03153300151
03153621200
03153701218
03153770122
03153970169
03153990969
03154270239
03154380798
03154541209
03154590404
03154960409
03155011202
03155110129
03155990546
03156340758
03156630018
03156671202
03156721213
03156890240
03157090832
03157291208
03157680962
03157811203
03158050132
03158290019
03158980544
03158981203
03158990279
03159140619
03159200165
03159290133
03159410160
03159490238
03159560162
03159640261
03159920366
03159970122
03160090241
03160100248
03160240986
03160281204
03160640268
03161100106
03161310655
03161380260
03161490549
03161570985
03161660752
03161700541
03161721208
03161820794
03162360261
03162390136
03162720613
03162901205
03162920833
03162980985
03163311206
03163320710
03163560968
03163771201
03164040820
03164170270
03164230173
03164410361
03164411203
03164470233
03164750360
03164770962
03165040043
03165170980
03165270236
03165270400
03165360243
03165410980
03165440128
03165480926
03165650361
03165921200
03166041206
03166060982
03166140131
03166300248
03166360713
03166530984
03167050404
03167390966
03167520547
03167590235
03167600968
03167910367
03167910730
03167980964
03168070989
03168170409
03168330730
03168580367
03169750548
03169900267
03170090983
03170500981
03170580926
03170600104
03170950541
03171010980
03171150828
03171230984
03171240611
03171480043
03171580164
03171580545
03172070165
03172300273
03172760922
03172970125
03173040407
03173180831
03173470265
03173500541
03173830922
03173930235
03174190151
03174270169
03174360788
03174740872
03174760235
03174920045
03175041213
03175151210
03175230261
03175510969
03175630361
03175630833
03175720261
03175790587
03175790785
03175860836
03175920267
03175980790
03176260713
03176280406
03176410276
03176530404
03176600652
03176940405
03177290040
03177450404
03177520792
03177530981
03177760984
03177850405
03178650234
03178980243
03179020544
03179290618
03179500545
03179630243
03180030128
03180041208
03180260782
03180270138
03180450243
03180471207
03180500542
03180520235
03180640231
03180680542
03180950168
03181070131
03181170980
03181260369
03181520754
03181530639
03181640123
03181690011
03181860366
03181970108
03182030126
03182360481
03182630164
03182630966
03182680169
03182770176
03183010713
03183050834
03183380249
03183740046
03183790264
03183910540
03183940042
03184010969
03184280653
03184360836
03184370652
03184460040
03184500241
03184550238
03184880361
03184900367
03185130873
03185640830
03185760984
03186040402
03186750133
03186840546
03187630128
03187961218
03188610368
03189300753
03189410362
03189430758
03189570405
03189710365
03189741204
03189810793
03190090179
03190090260
03190210173
03190240162
03190330138
03190360044
03190630164
03191040041
03191070360
03191350044
03191691215
03191710585
03191720378
03191820046
03191940547
03192171209
03192340242
03192830960
03193030230
03193050832
03193260985
03193300278
03193590985
03193720129
03193850926
03193870122
03194100164
03194160176
03194500272
03194620922
03194900969
03194950980
03195000363
03195040369
03195590785
03195640242
03195700129
03196190122
03196330983
03196490266
03196540235
03196560878
03196700987
03196850246
03197110400
03197340163
03197541208
03197630241
03197960986
03198100046
03198200101
03198320156
03198330791
03198340618
03198370268
03198560157
03198620159
03198730792
03198750832
03199300132
03199320650
03199660543
03199660824
03199680046
03200410284
03200490278
03200640237
03200640245
03200690240
03200880262
03200910176
03200960122
03200990160
03201140542
03201260712
03201720871
03202000984
03202030981
03202260232
03202270280
03202390138
03202550137
03202620781
03202940049
03203170232
03203360981
03203420173
03203600139
03203721208
03203750041
03203840040
03203871201
03204080786
03204120921
03204400158
03204450542
03204570364
03204810265
03204840270
03204990265
03205180718
03205370277
03205630159
03205650785
03205900263
03205990124
03206011201
03206110243
03206151205
03206470043
03206530838
03206540837
03206580122
03206590048
03207360987
03207380159
03207540232
03207560362
03207591219
03207700232
03207700836
03207711205
03207770169
03208160139
03208241202
03208350367
03208400790
03208800049
03208920714
03209220924
03209420177
03209420961
03209750045
03209831209
03209950041
03210340984
03210490656
03210590984
03210661207
03210910125
03211360262
03211400795
03211410232
03211410794
03211491208
03211520790
03211550243
03211570795
03211600402
03211620616
03211870963
03211880269
03212000289
03212370781
03212400232
03212470243
03212500106
03212680924
03213330040
03213410040
03213440963
03213460409
03213641206
03213760543
03213870870
03213900966
03214090130
03214460960
03214670824
03214730925
03214900171
03215380167
03215541214
03215550264
03215621206
03215840541
03215880927
03216110407
03216260541
03216310650
03216360242
03216440481
03216570923
03216580245
03216690234
03216870133
03216910244
03217250830
03217420243
03217780281
03217800832
03217890122
03218000960
03218160160
03218160632
03218181216
03218290157
03218390122
03218490047
03218520967
03218570137
03218810178
03218830150
03219180241
03219530833
03219780263
03219900283
03219970104
03220000966
03220020170
03220070167
03220080927
03220430619
03221020799
03221200128
03221500121
03221600129
03221650165
03221660164
03221711215
03221970654
03222000618
03222080164
03222230108
03222510962
03223161211
03223460282
03223520614
03223520986
03223690797
03223891205
03223910278
03224011217
03224430987
03224540876
03224600274
03224970651
03225090723
03225230139
03225330988
03225350788
03225370786
03225390784
03225450232
03225570963
03226210155
03226280364
03226320277
03226480170
03226490716
03227300369
03227430786
03227560715
03227910985
03228110049
03228190124
03228270793
03228390260
03228490136
03228650960
03228730796
03228761205
03228940130
03228960872
03229050368
03229100544
03229220409
03229500610
03229631209
03229740042
03229801208
03229850239
03229860964
03230070983
03230200960
03230740163
03230960167
03230980785
03231100243
03231130364
03231180716
03231401211
03231440987
03231810783
03231910369
03232090831
03232630370
03233000656
03233010838
03233200041
03233210719
03233250236
03233250269
03233330798
03233360985
03233420128
03233560873
03233560964
03233590045
03234190407
03234381204
03234390163
03234550246
03234650921
03234730798
03234860785
03234890832
03235051202
03235291212
03235460981
03235510546
03235550781
03235960121
03236040832
03236120832
03236660043
03236840363
03236870923
03236960369
03237030105
03237030238
03237170265
03237190289
03237190362
03237360130
03237670983
03237851203
03237890961
03237940121
03237950245
03237970169
03238310100
03238380376
03238450120
03238610160
03238620367
03238740165
03238860179
03238930543
03239530268
03239640133
03239870151
03240130041
03240340988
03240500821
03240800544
03241060247
03241070923
03241200264
03241500267
03241781206
03242190134
03242380362
03242440612
03242450983
03242480170
03242550832
03242600165
03242680829
03243271206
03243440264
03243850546
03243980616
03244111203
03244160986
03244270827
03244330548
03244440719
03244460287
03244650408
03244920157
03245020288
03245050541
03245210277
03245250836
03245370238
03245500362
03245560242
03245680982
03245970235
03246071207
03246590263
03246860047
03246860781
03246960409
03247570835
03247640174
03247720042
03247780046
03247820172
03247890274
03248300836
03248500278
03248710125
03248910717
03249400981
03249711205
03249740279
03250510108
03250770124
03251000653
03251180968
03251240960
03251290833
03251920280
03251930248
03251960781
03252090240
03252121201
03252370261
03252680610
03252871219
03252961218
03252971209
03253410967
03253620367
03253780260
03253930873
03254580107
03254670122
03255050548
03255230546
03255270369
03255411203
03255700274
03255730362
03255790234
03255910873
03255980264
03256020615
03256040233
03256110168
03256190129
03256430046
03256430921
03256640966
03257520365
03257580120
03257630875
03257650790
03257730170
03257940969
03258090269
03258260789
03258280985
03258370232
03258400286
03258430275
03258700370
03258720782
03258770126
03258840614
03259241218
03259420176
03259420614
03259770042
03259820987
03260060284
03260400712
03260550045
03260821214
03260940923
03260980234
03261210714
03261690618
03261750784
03261860179
03261940369
03262370285
03262400363
03262590239
03262610045
03262680584
03262760287
03263110615
03263280368
03263800264
03263890125
03264140793
03264270129
03264290929
03264610969
03264691209
03264751219
03264780127
03264790548
03265250401
03265500284
03265780985
03265820922
03265860407
03265930960
03266170236
03266491202
03266610363
03266720360
03266850233
03267000986
03267050965
03267200271
03267210171
03267271215
03267300246
03267340960
03267510836
03267551210
03267931214
03267960288
03268150368
03268370362
03268470832
03268560376
03268900267
03268920984
03268950239
03269321208
03269540369
03269690651
03269960377
03269960401
03269970236
03270120177
03270350659
03271170106
03271190922
03271310488
03271580965
03271750980
03271840369
03272140108
03272160247
03272351218
03272390232
03272440797
03272470240
03272721204
03272970926
03273080964
03273120406
03273170286
03273190920
03273630172
03273630404
03273770242
03273890784
03273900047
03274030125
03274150238
03274440241
03274460231
03274790124
03274800246
03274890247
03274900285
03275090151
03275100984
03275160988
03275201212
03275240921
03275390130
03275560922
03275691214
03275710139
03275960544
03276041203
03276200163
03276300179
03276340241
03276540238
03276550369
03276840836
03276990540
03277010546
03277130377
03277320275
03277380964
03277410613
03277440651
03277450155
03277470989
03277480277
03277580985
03277620138
03277950287
03278060797
03278171206
03278190230
03278320795
03278550987
03278580984
03278720796
03278810233
03278870484
03279050136
03279071207
03279080281
03279150365
03279321206
03279381200
03279400984
03279580173
03279630986
03279980134
03280040985
03280300272
03280320130
03280490172
03280500368
03280680178
03280720586
03281130983
03281680821
03281810170
03282331200
03282400245
03282480403
03282610926
03283241200
03283610107
03283630832
03283940041
03283990483
03284060831
03284080284
03284110164
03284110875
03284300260
03284790288
03284920653
03285850966
03285880963
03286230101
03286320829
03286510262
03286720820
03286860105
03286930791
03287010791
03287130615
03287371201
03287500163
03287530236
03287660611
03287700284
03287790103
03287790780
03287870244
03288020369
03288131216
03288160173
03288340288
03288440047
03288571213
03288760980
03288780244
03288870797
03288970134
03288970407
03288980174
03289240131
03290150261
03290400245
03290450273
03290500101
03290940984
03291030132
03291210262
03291540361
03292070780
03292130121
03292190638
03292400987
03292410242
03292620543
03292781204
03292840364
03292900986
03293000125
03293070797
03293140244
03293380261
03293510966
03293650838
03293660175
03293870964
03293940379
03293950964
03294510965
03294530963
03294730985
03295100139
03295240240
03295280832
03295750545
03295781219
03295790103
03295900173
03296080108
03296210796
03296311214
03296351202
03296910544
03296960580
03297020921
03297051207
03297120838
03297240487
03297270120
03297370615
03297490793
03297610614
03297740130
03297890612
03298180179
03298240379
03298570122
03298760483
03298880968
03298930136
03298930482
03299170369
03299330484
03299400139
03299520233
03299580138
03299630586
03299680276
03299910616
03299940241
03299960249
03299990923
03300040049
03300140138
03300330630
03300860982
03300910167
03300930546
03301090043
03301140657
03301251207
03301280230
03301570408
03301740175
03302000967
03302040138
03302080282
03302200542
03302220540
03302400167
03302470129
03302590967
03302650365
03302670835
03302710367
03302770791
03303120616
03303131209
03303350239
03303640639
03303661205
03303820231
03304130168
03304140712
03304190048
03304230786
03304250289
03304600160
03304900982
03305080263
03305530408
03305560793
03305640124
03305730982
03305990362
03306200159
03306260989
03306441209
03306820543
03306860283
03306870878
03307010839
03307310965
03307370787
03307410989
03307750715
03307950984
03308130982
03308190929
03308580269
03308631203
03308700982
03308750409
03308900632
03308950546
03309000275
03309040610
03309130981
03309150278
03309240046
03309410631
03309560831
03309660243
03309850968
03310320266
03310330240
03310340249
03310340280
03310490549
03310530724
03310620616
03310730365
03310740968
03310790831
03311180164
03311270163
03311440980
03311480374
03311480986
03311500262
03311600369
03311650042
03311890234
03312090263
03312121217
03312130796
03312151214
03312271202
03312430238
03312521218
03313260543
03313260964
03313340360
03313510178
03313540407
03313590139
03313700407
03313760716
03313870044
03314400239
03314480165
03314770367
03315060982
03315110712
03315210124
03315250922
03315270268
03315340962
03315430235
03315540546
03315840045
03315870265
03316020407
03316340615
03316370174
03316641202
03316661200
03316720048
03317290363
03317430043
03317860157
03317870925
03318000134
03318360967
03318431214
03318780271
03319000877
03319120246
03319270785
03319310409
03319760793
03320150711
03320190162
03320230786
03320280260
03320540127
03320710837
03320830262
03320890928
03320900982
03321070728
03321100046
03321140927
03321250106
03321460176
03321470837
03321740981
03321890588
03322100045
03322260369
03322420989
03322431200
03322440615
03322800966
03323120786
03323230155
03323350177
03323440713
03323580237
03323640783
03323790612
03323820286
03323850960
03324000375
03324100134
03324170368
03324580160
03324700362
03324720964
03324730260
03324740400
03324900657
03325100174
03325470544
03325640963
03325880262
03325950792
03326430240
03326540832
03326581216
03326880154
03327080267
03327200048
03327330985
03327550368
03327610246
03327620617
03327740159
03328170265
03328200161
03328450170
03328470376
03328530989
03328680289
03328730282
03328740240
03328750249
03328860287
03329130136
03329130656
03329520179
03329700136
03329721207
03329850279
03329990638
03330130125
03330170832
03330260120
03330450960
03330940234
03331070247
03331080832
03331130231
03331140651
03331150965
03331180616
03331470546
03331881213
03331890719
03331910046
03332140619
03332230048
03332450364
03332471204
03332690969
03333040834
03333110124
03333130171
03333200164
03333320269
03333341216
03333500159
03333570129
03333620247
03333711202
03334020785
03334080797
03334121203
03334150715
03334180241
03334251208
03334371204
03334390824
03334420126
03334510967
03334530924
03334560236
03334740283
03334880121
03335050716
03335080101
03335340042
03335380543
03335650796
03335740175
03336200179
03336300656
03336510833
03336680370
03336811207
03336840107
03337090611
03337130128
03337310969
03337320612
03337570125
03337610962
03337750404
03337810273
03338030962
03338280104
03338371218
03338630175
03338830130
03338920543
03339090247
03339110789
03339350286
03339490272
03339610283
03339730271
03339800363
03340080799
03340220247
03340240286
03340340276
03340540248
03340560287
03340710924
03340760242
03341091209
03341140360
03341310245
03341320988
03341390544
03341440364
03341620247
03341710105
03342070962
03342630047
03342841206
03343300277
03343430231
03343700047
03343790964
03343940619
03344270362
03344480581
03344600790
03344840271
03345150167
03345200962
03345530285
03345671204
03345720969
03345730281
03345770618
03346020138
03346200268
03346420791
03346580982
03347130365
03347160362
03347270161
03347421210
03347500245
03347650289
03347740981
03347970125
03347970927
03348071204
03348260138
03348320130
03348380969
03348500368
03348530274
03348850722
03348860788
03349160543
03349270243
03349380406
03349380752
03349620124
03349640544
03349650964
03349700967
03349780282
03349990279
03350120618
03350600155
03350610238
03350840546
03350871210
03350910968
03351030964
03351040260
03351050160
03351220136
03351290618
03351300540
03351341213
03351570373
03351690122
03351950401
03352120103
03352380277
03352510543
03352700540
03352810968
03352840163
03352860724
03353240249
03353250487
03353370160
03353870482
03353980968
03354000964
03354180162
03354250247
03354340246
03354470274
03354470969
03354540753
03354560611
03355020243
03355030960
03355190962
03355340617
03355520168
03355550165
03355580162
03355680368
03355990544
03356040109
03356090484
03356240402
03356260400
03356310130
03356350797
03356490171
03356620231
03356651202
03356760151
03356771216
03356790240
03356860241
03357000128
03357430234
03357440233
03357480239
03357520125
03357580400
03357610173
03357640543
03357660046
03358240236
03358311201
03358400137
03358560963
03358590549
03358820714
03359260266
03359260837
03359350547
03359530965
03359700717
03359940545
03360070043
03360180289
03360260123
03360470243
03360650927
03360900652
03360901205
03360990133
03361050267
03361200136
03361390929
03361461209
03361500725
03362160651
03362160875
03362360137
03362420618
03362440616
03362750170
03362840179
03363040985
03363090402
03363120712
03363130174
03363130364
03363190798
03363240122
03363350483
03363560156
03363620166
03363670104
03363710132
03363850136
03363950613
03364420368
03364510721
03364630784
03364820138
03364990246
03365031214
03365140163
03365230139
03365270234
03365310121
03365340169
03365470750
03365530249
03365570831
03365610124
03365730260
03366000986
03366010282
03366160616
03366271207
03366320632
03366520363
03366800989
03366820128
03366920795
03367300799
03367450289
03367520172
03367520719
03367650920
03367780370
03368030122
03368140483
03368330266
03368370163
03368410241
03368750968
03368890657
03369390244
03369640580
03369790161
03369790799
03369821206
03370100657
03370510541
03370910287
03370940482
03370970729
03370970786
03370990123
03371440409
03371550132
03371720487
03371770177
03371780135
03372030969
03372060248
03372140289
03372151211
03372360721
03372490981
03372960363
03373400617
03373480965
03373530637
03373560048
03373690266
03373980717
03374100968
03374170987
03374250482
03374380040
03374420374
03374670796
03374730780
03374750374
03374810541
03374990129
03375330796
03375360280
03375520750
03375560152
03375560715
03375620980
03376070839
03376070920
03376120287
03376260547
03376270793
03376760041
03376860981
03376880245
03377030980
03377120781
03377191212
03377210988
03377600618
03377950245
03378030484
03378040277
03378080729
03378140283
03378190262
03378400265
03378560969
03378610236
03378680486
03378680718
03378690170
03378791218
03379120169
03379160728
03379390234
03379430246
03379580545
03379690161
03379710407
03379830361
03379840246
03380050983
03380070361
03380080485
03380110282
03380221204
03380420541
03380440283
03380500615
03380770176
03381030240
03381040793
03381130107
03381600232
03381700172
03381780166
03381970130
03382010878
03382130155
03382370827
03382471203
03382490245
03382560179
03382661217
03382720278
03382920043
03382940132
03383000969
03383230616
03383310236
03383350638
03383630401
03383650961
03383731209
03384060715
03384390161
03384430751
03384570630
03384850362
03384860262
03385090166
03385120369
03385220797
03385460658
03385770049
03386070878
03386100162
03386270619
03386430874
03386540656
03386640548
03386730166
03386751212
03387040177
03387121217
03387171204
03387220043
03387440286
03387560364
03388070280
03388150926
03389180138
03389230545
03389300132
03389480785
03389540984
03389920137
03389950365
03390120164
03390140162
03390170268
03390380370
03390480121
03390610727
03390650921
03390690232
03390690836
03390840985
03390970105
03390990277
03391051202
03391070400
03391140104
03391330242
03391370164
03391500133
03391740549
03391850967
03391880261
03391960360
03392670406
03392760173
03392800987
03392880377
03392881201
03392910786
03392940619
03393070234
03393090174
03393160233
03393310176
03393330125
03393430834
03393431204
03393510403
03393540236
03393580240
03393720374
03393740968
03393860360
03393900786
03393941210
03394040236
03394040285
03394360758
03394420271
03394450047
03394540276
03394580108
03394891216
03395120268
03395260122
03395310240
03395340619
03395810363
03395860244
03396030961
03396150363
03396290870
03396300653
03396530838
03396620878
03396740163
03396880134
03397130240
03397320247
03397570171
03398010714
03398070791
03398120968
03398510960
03398540785
03399070360
03399540834
03399570542
03399680044
03399700792
03399890544
03399940364
03399990757
03400180133
03400220921
03400520874
03400550277
03400990242
03401240407
03401271204
03401390277
03401420983
03401570837
03401611201
03401640614
03401771203
03401780170
03401780980
03401990241
03402140374
03402150985
03402450658
03402600179
03402630960
03402770618
03402770832
03402991206
03403080249
03403111200
03403210366
03403210549
03403620242
03403650835
03403700713
03403980273
03403990249
03404680104
03404711206
03404800264
03404800835
03405140264
03405260484
03405310263
03405321211
03405600879
03405810049
03405861208
03406150379
03406190797
03406470967
03406490130
03406550982
03406590988
03406670160
03407090277
03407370612
03407400831
03407401219
03407430614
03407510720
03407700230
03407750987
03407770241
03407880792
03407900715
03408020133
03408060964
03408190787
03408410409
03408610230
03408620122
03408680548
03408871212
03409231200
03409320367
03409501206
03409560780
03409640368
03410020170
03410050367
03410070365
03410490266
03410520542
03410610137
03410940369
03411260403
03411320876
03411480373
03411480985
03411760790
03411770161
03411800174
03412140836
03412320404
03412371209
03412400248
03412410361
03412540043
03412570164
03412580791
03412591210
03412700100
03412700795
03412740379
03412781209
03412850046
03412910923
03412960274
03413100235
03413650486
03413700042
03413720792
03413990965
03414081202
03414650717
03414760409
03414950166
03415170178
03415190267
03415721202
03416040719
03416340986
03416700163
03416790263
03416870248
03417310285
03417750175
03417830126
03417900101
03418090654
03418221218
03418250407
03418610279
03418640961
03418710129
03418740241
03418920249
03418990754
03419050269
03419130137
03419250547
03419410125
03419700046
03419750132
03419760925
03419780360
03420230108
03420340105
03421171202
03421300363
03421350160
03421460365
03421550280
03421700968
03421750799
03421770128
03421870928
03422750715
03422750962
03422760243
03422820989
03422960983
03423260045
03423450927
03423600984
03423700131
03423750235
03423790835
03423910367
03424160756
03424440489
03424670267
03425000126
03425370610
03425440785
03425670134
03426060616
03426190710
03426290361
03426310128
03426310797
03426370130
03426370361
03426670125
03426850362
03426930123
03427000587
03427350404
03427560754
03427570167
03427720408
03427770544
03428060168
03428360360
03428460830
03428520989
03428530830
03428550929
03428570240
03428590164
03428660173
03429270238
03429440237
03429550837
03429610136
03429781200
03430080717
03430090260
03430130983
03430380133
03430410260
03430600175
03431241201
03431300171
03431560246
03431810963
03431950983
03432070179
03432161218
03432420408
03432450249
03432680639
03432690265
03432780967
03432970485
03433040965
03433290172
03433320375
03433670837
03433730656
03433961202
03434130831
03434220780
03434601203
03434670125
03435460179
03435470715
03435510122
03435600162
03435600360
03435730613
03435930486
03435950781
03436020246
03436170108
03436190239
03436470656
03436770238
03436840049
03437240405
03437490281
03437820404
03437830981
03437831203
03438480174
03438520243
03438560165
03438620134
03438730966
03438920377
03439450242
03439490289
03440270985
03440360364
03440720542
03441220633
03441450545
03441470246
03441580986
03441600834
03441660630
03441890120
03441930363
03442010363
03442130989
03442140103
03442140277
03442190983
03442440123
03442500231
03442540260
03442830273
03442870980
03442910372
03442930131
03443000652
03443070242
03443090166
03443100981
03443420132
03443480987
03443520634
03443530179
03443530484
03444080968
03444420248
03444450369
03444500759
03444521219
03444560233
03444570133
03444711208
03444831212
03444930980
03444940237
03445090248
03445181203
03445430162
03445470960
03446170833
03446240370
03446380614
03446480547
03446560132
03446640173
03447141213
03447280102
03447440797
03447540273
03447550926
03447690482
03447760988
03447800131
03447800792
03447850136
03447861208
03447981212
03448220172
03448250245
03448450159
03448770960
03448970263
03448970487
03449040363
03449630106
03449630965
03449871213
03449930134
03450030964
03450040179
03450100981
03450230044
03450321207
03450520782
03450710177
03450730928
03450930247
03451120103
03451250363
03451361202
03451390987
03451810174
03451820710
03451940237
03452150612
03452170164
03452220548
03452400546
03452741204
03452950102
03453070173
03453080362
03453310363
03453690483
03453960175
03454000724
03454220249
03454610233
03454710793
03454810155
03454950712
03455400261
03455410831
03455540041
03455620132
03455710156
03455760276
03455990717
03456020167
03456090178
03456310873
03456370653
03456440365
03456540271
03456610231
03456910243
03457080715
03457260879
03457280547
03457481202
03457780264
03457940041
03458100983
03458260613
03458370651
03458371204
03458650276
03458660796
03458711219
03459040923
03459180109
03459420794
03459450130
03459460105
03459520726
03459620484
03459690925
03459690966
03459900126
03460170982
03460250719
03460540127
03460770161
03461140158
03461340402
03461740163
03461880969
03462150982
03462250121
03462360656
03462410105
03462540042
03462890108
03463010128
03463120984
03463190797
03463450985
03463491203
03463621205
03463660047
03463920136
03463930135
03463940233
03464230980
03464320872
03464480361
03464780406
03464780984
03464870124
03464970544
03464980980
03465020588
03465140634
03465160715
03465250235
03465530362
03465700163
03465880262
03466010232
03466040270
03466040619
03466100041
03466190273
03466210238
03466470964
03466800798
03466820721
03467090043
03467480988
03467540237
03467930610
03468100544
03468260983
03468320548
03468331206
03468490176
03468540582
03469040616
03469100048
03469210961
03469340586
03469341204
03469840270
03469960615
03469990281
03470130729
03470251210
03470650288
03470750278
03470970165
03470981204
03471040232
03471290100
03471401202
03471700165
03471750798
03471830376
03471900369
03471940373
03472200108
03472240245
03472250632
03472290042
03472740376
03473610982
03473620981
03473830234
03473920134
03474030289
03474050543
03474400169
03474760240
03474870262
03474900713
03475140129
03475250795
03475270546
03475730713
03475920264
03476030980
03476151208
03476250984
03476260108
03476410042
03476600261
03476970243
03477380103
03477380285
03477820785
03477850543
03477910230
03478030657
03478181211
03478360138
03478630985
03478640711
03478820164
03478850120
03478870128
03478951217
03479000170
03479020798
03479110987
03479430286
03479500989
03479630984
03479780540
03479780615
03479840716
03479860987
03479870986
03480001209
03480310105
03480440985
03480480544
03480510233
03480530132
03480760820
03480840234
03480840929
03480850167
03481261208
03481290264
03481370967
03481440232
03481480238
03481560120
03481731218
03482160755
03482161217
03482310988
03482361213
03482680984
03482770231
03483170837
03483280834
03483500173
03484130657
03484300268
03484310986
03484380542
03484490127
03484500172
03484560127
03484760925
03484800481
03484950922
03485250231
03485250751
03485290377
03485690238
03486030376
03486120276
03486150877
03486190246
03486230109
03486410362
03486611209
03486670361
03486880614
03486990546
03487160263
03487210407
03487251211
03487290177
03487440137
03487550166
03487750485
03487970364
03487980249
03488080171
03488250543
03488270269
03488350244
03488450127
03488600366
03488650122
03488840368
03488860242
03488890132
03488960364
03489090369
03489130405
03489290795
03489330757
03489430177
03489540124
03489570980
03489680409
03489750178
03489760797
03489800650
03489940126
03489950927
03490220120
03490670043
03490750241
03491030130
03491060616
03491280750
03491510545
03491680967
03491820712
03492160613
03492790989
03492970987
03493301208
03493440162
03493701217
03493720985
03494160272
03494250263
03494250404
03494320652
03494570611
03494780715
03494840121
03494930617
03495250833
03495400545
03495460275
03495500617
03495670360
03495770178
03495790283
03495810487
03495820825
03495860128
03495960365
03496130232
03496440243
03496530365
03497010714
03497230379
03497390793
03497460125
03497540637
03497570360
03497590657
03498020407
03498030240
03498100043
03498510167
03498760820
03498900376
03498940364
03499000366
03499460966
03499540965
03499630758
03499930984
03500140920
03500150754
03500200047
03500200278
03500570233
03500610617
03500671205
03500680248
03500890920
03500980960
03501161214
03501220986
03501550796
03501670248
03501840122
03502130267
03502200409
03502310968
03502320405
03502551009
03502861200
03502870797
03502880234
03502910163
03503260980
03503350369
03503711206
03503770988
03504050232
03504440177
03504540174
03504610126
03504740964
03504800362
03504810924
03504890280
03504890652
03504960174
03505060263
03505170104
03505240048
03505250138
03505280713
03505360135
03505490783
03505530364
03505570584
03505810162
03506020126
03506061203
03506170921
03506320179
03506350929
03506480122
03506800964
03506980287
03507130122
03507260986
03507490245
03507520611
03507920654
03507940041
03508240243
03508260613
03508380718
03508490137
03508550138
03508630781
03508780610
03508840240
03508970245
03509010249
03509190405
03509230136
03509520361
03509710780
03509730366
03509750927
03509950048
03510330248
03510470754
03510510260
03511000279
03511090965
03511280376
03511320362
03511360285
03511520714
03511800371
03511940235
03512161203
03512520176
03512590369
03512880133
03512930136
03513350136
03513400543
03513450365
03513750376
03513990543
03514210982
03514280175
03514340987
03514590128
03514620545
03514670284
03515080244
03515470924
03515700635
03515750960
03515770612
03515780371
03515810988
03515820375
03515850729
03516091216
03516330713
03516520834
03516570177
03516700980
03516780164
03516790288
03517030239
03517070375
03517090241
03517310870
03517470120
03517490128
03517600965
03517740548
03517930727
03518040245
03518180249
03518460377
03518770171
03518770924
03518880046
03518890615
03519060150
03519290781
03519730372
03519741205
03519910404
03520090048
03520090964
03520100243
03520320049
03520410758
03520480876
03520660402
03520820378
03520820782
03521320162
03521410047
03521430177
03521470967
03521530927
03521560361
03521580260
03521640163
03521680540
03521700363
03522160286
03522210925
03522240278
03522300270
03522310923
03522650989
03522730989
03523210163
03523260283
03523490872
03523510125
03523590176
03523610651
03523680712
03524070178
03524070285
03524100363
03524340266
03524520875
03524690967
03524970963
03525010652
03525260273
03525380246
03525520049
03525620658
03525780122
03525860791
03525870139
03525910752
03525990960
03526010610
03526280130
03526400043
03526470160
03526520360
03526560242
03526630169
03526660281
03526680784
03526700160
03526780543
03526810373
03526980135
03527010163
03527150126
03527330488
03527450377
03527750404
03528020047
03528040243
03528050283
03528270287
03528460615
03528520269
03528630233
03528850245
03529291001
03529320727
03529320982
03529430401
03529540639
03529590923
03529730719
03529840120
03530300379
