01905300164
00194450219
08570720154
00409140589
00715170155
00320160237
00113220412
03918040589
04952121004
02622940233
07973780013
13194800150
01808840266
08536570156
06757900151
00908860059
04081310965
00489110015
80006470670
97741190587
04773200011
00722360153
00103530499
02505630109
08968860158
03912360827
00397420399
08114020152
80107570154
00050810522
03315240964
00789540143
00818570012
01654010345
03836450407
02101600480
01886120540
00604840777
02747690010
00926150152
0092615015456
00477950588
07012130584
00505180018
00103220091
0010322009234
12878470157
02175430392
04259210153
00415760370
00123790214
00141030205
00187320213
00258900653
00281980375
00311580377
00409140589
00470550013
00484960588
00627340326
00637110164
00703180166
00754850154
00856620158
00891030272
00986700011
01314250034
abs
01369030935
01585570581
01800260810
01835711209
02046440513
02473170153
02608970360
02865890160
04160130375
04207001001
04498000266
04528680962
04952121004
04997960960
05197951006
05403151003
06325761002
07195130153
07415430011
07756640012
07835550158
08413350581
spa
08998971009
09824790159
11570840154
11638811007
12363410155
13297810155
MLNNSS61R50Z611H
PPLDNC61C11I537G
test
06188330150
03495470969
00523300358
04639660580
01627980152
