09944450155
09945290154
09945700962
09945750967
09947220969
09947991007
09948780011
09950460965
09950650011
09951730150
09952070960
09952310960
09952881002
09953440964
09954021003
09955201000
09955721007
09956330154
09956711007
09957160014
09958370158
09959180960
09960910017
09960950963
09962410966
09962720968
09963620019
09963820015
09963950960
09964550017
09964900964
09964920962
09965610158
09967270019
09967580961
09967840019
09968100017
09968850017
09968880154
09969590968
09970380151
09970400017
09971410965
09972040969
09972631007
09973780019
09976190158
09976370966
09977640961
09978110964
09980260013
09981421002
09982551005
09984230962
09984910019
09985510966
09985650960
09986750967
09987350965
09987720969
09988531001
09990210966
09990230964
09990390156
09992381005
09993740969
09994951003
09996540960
09998410964
09999120968
09999480156
10001410967
10001781003
10002460961
10004380969
10004520960
10005030019
10006511009
10007860967
10008171000
10008190018
10008740010
10009560011
10009790964
10009811000
10010320967
10010340965
10011531000
10013030969
10013440150
10013510960
10013680961
10013920961
10014500960
10015290157
10015480964
10017481002
10020590153
10020740964
10023420960
10024580010
10025890152
10027701001
10027711000
10028710969
10028721008
10029431003
10030101009
10031480964
10031700155
10033490961
10033830158
10034440965
10034650019
10035080968
10035940963
10036621000
10037720967
10038431002
10039511000
10042490960
10042630961
10042901008
10044670155
10045140968
10046060157
10047450159
10048470966
10048530967
10049080962
10049090961
10049101008
10049141004
10051281003
10053131008
10053890967
10055640154
10056810152
10057320151
10057350968
10057970963
10059810159
10059821008
10060050969
10060510962
10061620158
10062591002
10063841000
10065220963
10065980962
10066760017
10066820019
10066870964
10067080159
10067141001
10067250968
10067590017
10067591007
10071610967
10075040963
10076001006
10077160157
10077450012
10077640968
10079170964
10080870966
10082091009
10082520965
10082940965
10083691005
10084011005
10084590966
10084690964
10085401007
10086641007
10086931002
10087630967
10088730154
10091931005
10095950969
10096720015
10098750150
10099610965
10099790155
10102260154
10102370961
10102500153
10102770962
10103820964
10103911003
10104490155
10104961007
10106040966
10106421000
10106630964
10107060963
10107190158
10108900019
10111260963
10114420960
10114710154
10115370966
10116031005
10117140961
10118260016
10118780153
10118921005
10119350964
10120050967
10121050966
10121490154
10122750960
10123960154
10124300152
10125330968
10125350966
10125450014
10125670157
10125800960
10126430965
10127200961
10128870960
10129240965
10129910963
10129920962
10130820961
10131320961
10131540964
10135420965
10135671005
10136070157
10136330965
10136360962
10136720967
10137500962
10138110159
10139750151
10139850969
10140030155
10141330158
10142140960
10143260965
10144680963
10145370960
10145390018
10145640156
10145790969
10146470967
10147400963
10147520968
10148380016
10149950155
10150530961
10151060158
10151091005
10151331005
10154431000
10156190158
10156201005
10157020156
10159960961
10164551003
10164560012
10164980012
10165870154
10166110964
10168081007
10168800018
10169190153
10170520968
10171031007
10171200966
10173031005
10175080968
10176260155
10178990965
10179780969
10181890962
10182610013
10183120962
10183221000
10183570968
10184531001
10184810967
10185570016
10185721007
10185881009
10185951000
10187410013
10188520158
10189400012
10189460966
10190660018
10194360011
10194440011
10196031008
10196511009
10197140154
10197381006
10200640968
10200820016
10200930153
10201220018
10202450010
10202500962
10202970157
10204051006
10204130966
10204180961
10204720964
10205890014
10206340969
10207141002
10207360966
10208131002
10208880152
10209371003
10209801009
10210461009
10210851001
10211801005
10212741002
10212790017
10213690158
10213970154
10217990158
10221380966
10222270968
10222290016
10222551003
10222910969
10223560961
10226570157
10229340012
10229470967
10229850960
10230370966
10230751009
10232720960
10233181006
10233921005
10234121001
10234290152
10234291002
10235111001
10237160014
10237820963
10237850960
10238660152
10239340960
10240401009
10240481001
10240501006
10242780962
10244010962
10244041009
10244350962
10245790968
10246391006
10247271009
10247680019
10250720017
10250730966
10251271002
10253130016
10253140965
10253371008
10254510158
10255261009
10255711003
10255810961
10256290965
10257001007
10257031004
10257130962
10257360015
10257480961
10257570969
10257701002
10258251007
10259531001
10261180961
10262170151
10264651000
10264890152
10266000966
10266360154
10266880011
10268210159
10270310963
10270410151
10271180969
10274090967
10275050150
10275200961
10276320016
10277090014
10277491006
10279410152
10279810963
10280721001
10281870013
10282620961
10282700961
10284130969
10284470159
10284940961
10285140017
10285840962
10285860010
10286420152
10287480015
10288090151
10288450017
10288721003
10289131004
10293440151
10293581004
10293900964
10294640965
10295090152
10296930968
10297200015
10297960964
10299030014
10300251005
10300860151
10301420963
10301800966
10303361009
10305590969
10306990960
10309021003
10311210966
10311510159
10312160012
10312730152
10313720962
10314410159
10315001007
10316270965
10317750015
10319930961
10321850157
10321920018
10322070151
10322300012
10322480012
10322850016
10323600964
10324241008
10325340965
10327110150
10329000961
10331290014
10332421006
10332821007
10333261005
10333830965
10333841004
10336510150
10338000010
10338330961
10338350019
10338631004
10343850961
10344010961
10344320154
10346110017
10346990152
10348031005
10348411009
10349740968
10350171004
10351011001
10351260012
10351701007
10351840151
10352350010
10353660151
10353800963
10354230962
10354430968
10354510157
10354790965
10355001008
10355121004
10355170969
10355651000
10356030154
10356130962
10356221001
10356241009
10356540012
10357460962
10357730968
10358630969
10358780012
10360260011
10362220963
10362970963
10363270017
10364440965
10366891009
10368141007
10368360151
10369890966
10372361005
10373230969
10375340964
10377810964
10379340150
10387151003
10388140963
10388260969
10389430967
10391110961
10392750013
10393970156
10394040967
10395410151
10395971004
10396440157
10396510157
10397010157
10397200154
10397510156
10397530154
10397600965
10398820968
10400210968
10401481006
10402860018
10404060153
10404290966
10404350968
10404390964
10404470014
10404580150
10404700154
10405530964
10405681007
10409950010
10411140014
10411510968
10412720152
10413240150
10414550011
10418380159
10418880158
10419791008
10422220011
10424031002
10425400156
10428940968
10430180967
10430731009
10431760155
10432170016
10432281003
10432510153
10433690152
10434251004
10434651005
10434901004
10435590012
10436671001
10437361008
10438981002
10439421008
10439681007
10440470150
10440990017
10441360962
10442330154
10442671003
10444201007
10445871006
10445960155
10447281006
10448031004
10448120963
10448390152
10449760965
10453881004
10454070961
10456620151
10456851004
10460400962
10460610966
10461591009
10466901005
10468020010
10468620157
10468911002
10468960967
10469240963
10471371004
10472520153
10472751006
10474501003
10476370019
10476570964
10476571004
10477410152
10479700014
10481951001
10482770012
10482951000
10484180962
10484270961
10484860019
10486800153
10488040964
10488441006
10488880013
10489670157
10490550968
10491980966
10492860019
10493101009
10493370018
10494641003
10495400011
10495980962
10496370155
10498851004
10499990017
10500231005
10500310015
10501630015
10502360018
10502880155
10503671009
10503870155
10507101003
10510070963
10510681009
10511900960
10514091007
10515711009
10515991007
10518860969
10519650153
10521120153
10521530153
10521630961
10521840156
10522210011
10522910016
10523140019
10524080016
10525550017
10528240962
10529860156
10530430155
10530860153
10533830153
10535500960
10535580152
10537501008
10538331009
10540521001
10541090154
10541780150
10542130017
10543110158
10544871006
10545020967
10545231002
10548590966
10549131000
10550400153
10550751001
10551800013
10552691007
10553090969
10553260018
10553980011
10554091008
10556300019
10557311007
10559270011
10559620017
10559660963
10559931000
10560641002
10562500016
10562580968
10563320158
10564551009
10566460159
10567390157
10567471007
10568670011
10568740962
10570080969
10571041002
10571410967
10571460012
10574341003
10574640966
10574970017
10575950968
10575961007
10576000151
10576010010
10576040967
10576290158
10577011009
10577800013
10579100156
10579601005
10580231008
10580671005
10580940152
10581810016
10582640966
10584311004
10590281001
10590360011
10591520159
10591981005
10592420151
10593090011
10595550012
10596040153
10596070150
10596191006
10596840156
10601010019
10604820018
10606840014
10607680013
10607700159
10609041008
10609270151
10610260159
10610830019
10611131003
10612510155
10613800019
10615510012
10617160154
10617530018
10617990014
10619040156
10622010014
10622441003
10623580015
10623900015
10624150016
10624290010
10625050017
10627411001
10628011008
10628300013
10630931003
10631480018
10631600011
10631600151
10631670014
10633300016
10633800015
10634290018
10634380017
10637521005
10638290154
10638441005
10640111000
10640740964
10645510016
10646931005
10649080966
10650020018
10651410150
10652391003
10652541003
10653401009
10656730966
10657220017
10661211002
10662520013
10662901007
10664581005
10666360010
10666991004
10668961005
10670151009
10673840962
10674270151
10674340012
10676400962
10677651001
10677711003
10677850017
10679100155
10680930152
10681051008
10681421003
10681540018
10681750963
10681950969
10682821003
10683120157
10683850019
10685440157
10690351001
10692670010
10693001009
10696001006
10696350155
10697560158
10697730157
10697771003
10698930152
10699361001
10703390962
10704071009
10706120960
10707111000
10707500152
10709651003
10710630152
10711951003
10712311009
10712910016
10713361003
10713370012
10714640157
10714720157
10714760153
10715220017
10715831003
10716220156
10716251003
10716631006
10716680011
10718970014
10719160151
10719431008
10721200011
10722930012
10723751003
10724260012
10724900153
10727051004
10727630153
10727751009
10728180158
10728690016
10728730150
10729360015
10729401009
10729711001
10730181004
10730460010
10732220016
10732461008
10734000010
10734670010
10736590158
10740121008
10740480156
10740780159
10742220154
10742880155
10743370156
10743650011
10745141001
10749841002
10752720010
10753110153
10753761005
10755790150
10755920013
10756900014
10762091006
10762160017
10763700159
10766770019
10769121004
10770600012
10772221007
10772751003
10775340960
10775851008
10778680016
10779391001
10780921002
10783070963
10783961005
10784251000
10784730011
10785460154
10785890012
10787500155
10789230017
10789920013
10791270969
10792021007
10794580158
10795670016
10795670156
10796291002
10796520152
10797380150
10798100151
10798961008
10800740150
10801611004
10802520154
10804070158
10805480018
10806001003
10806030010
10806151006
10806160015
10806400015
10806540158
10809561003
10810731009
10815820013
10816460017
10818660010
10818810961
10819020156
10819771006
10820381001
10826540014
10826570151
10826820010
10827560011
10831561005
10832240013
10834480153
10834890013
10840101009
10840420011
10841020018
10842350968
10842641002
10842700014
10844010016
10844030014
10844861004
10845970010
10846460011
10846830015
10847400016
10847560017
10848810155
10855491006
10856401004
10859170150
10859211004
10859521006
10859821000
10860081008
10860690154
10861251006
10862541009
10862790010
10864440150
10865581002
10866351009
10870160016
10871310966
10872101000
10874470155
10876900019
10878430015
10880100960
10880420012
10884140012
10887930013
10888311007
10890480154
10891060963
10891780016
10893470012
10894970150
10895860152
10897990015
10901681006
10902421006
10903181005
10903600012
10904140158
10904971008
10907840150
10908090151
10908430159
10910930014
10912260154
10914380018
10914750152
10915530017
10917090010
10918280156
10918370015
10919671007
10921460019
10921670013
10923830151
10926691006
10927171008
10928921005
10929350014
10930210157
10930661003
10930991004
10934740159
10935000157
10935061001
10937010014
10937130010
10937310968
10938301008
10939010012
10939940010
10941050014
10942080150
10943131002
10943690015
10944110153
10944190015
10945931003
10946191003
10946761003
10948771000
10950090018
10950540152
10952660016
10952950151
10953840013
10955470157
10957110017
10957401002
10958240151
10958321001
10958950155
10958960014
10962200019
10962941000
10963781009
10963790018
10965950156
10966721002
10968721000
10969191005
10970611009
10971441000
10973551004
10975070011
10978790151
10979730016
10979840013
10982090010
10983280156
10985020014
10985530152
10986070018
10986291002
10987661005
10987900015
10990050154
10990200155
10990211004
10990400151
10991201004
10991630152
10991670158
10991840157
10994440963
10994551009
10995851002
10996141007
10996831003
10999230013
10999351009
10999790016
11001591004
11002061007
11006271008
11007721001
11007761007
11008630011
11009441004
11010141007
11012481005
11013940157
11014321001
11014390014
11014590019
11016390152
11017000016
11017811008
11020020159
11020161003
11020251002
11021790156
11022470014
11023951004
11028731005
11032651009
11034780152
11035790150
11036210158
11036431002
11037020010
11037510010
11037880157
11037920011
11038930159
11040500016
11040740018
11041850014
11042391000
11042580156
11042600012
11042690013
11042960010
11043341004
11043600011
11043610010
11044071006
11044180013
11044550017
11044860010
11047110157
11047290157
11048351008
11048400151
11050541009
11051050158
11054980013
11055591009
11055941006
11055961004
11056960013
11058310019
11058380152
11059781002
11060260012
11061731003
11061880156
11063330010
11066130151
11070401002
11071431008
11074031003
11074941003
11075131000
11078200018
11081130012
11081660018
11083251006
11089150012
11090071009
11090170017
11090591006
11092770152
11094190011
11094640155
11095870017
11099460153
11100730156
11100771002
11101021001
11102910152
11107580018
11107810159
11108030013
11108361004
11112371007
11112421000
11113130014
11116380152
11116520013
11119801006
11119910153
11120110017
11120511008
11120721003
11122640011
11124360014
11124990018
11125281003
11129601008
11130871004
11132230019
11132430155
11133171006
11135661004
11139061003
11140800159
11141250156
11142160156
11142520011
11144901003
11145781008
11145901002
11147280157
11148040154
11150410014
11150930151
11152830151
11154651001
11154790155
11154811001
11155010157
11156551001
11157421006
11157600013
11158710019
11161220014
11162360157
11163290015
11163350017
11164050012
11166860012
11169311005
11170890013
11171651000
11172430016
11172441005
11172491000
11173091007
11174260155
11174280013
11174680014
11175241006
11176531009
11177111009
11178740012
11181380152
11181840155
11183861001
11184030010
11184331004
11186361009
11186761000
11189050153
11190431004
11191151007
11192990155
11192991005
11193881007
11194610157
11195800013
11195841009
11196890153
11198661008
11200210018
11200331004
11201870158
11201921001
11203701005
11206270016
11211141004
11212060153
11213181008
11214260017
11214440015
11214651009
11216150018
11217290011
11218060157
11218390158
11219701007
11219711006
11220011008
11222970151
11223190155
11223930014
11223930154
11223960011
11225020012
11225040010
11225320016
11225641007
11225780151
11226320015
11227800155
11228910151
11229560153
11231691004
11231880151
11232970019
11240320017
11240771003
11240910155
11241801007
11242091004
11242420013
11247421008
11247910158
11248981000
11249730018
11249740017
11249860013
11250391007
11250481006
11254581009
11257041001
11257380151
11257641008
11258100152
11258300018
11258651006
11261431008
11261821000
11261910159
11262061002
11262300152
11264391001
11265020013
11265420155
11266721007
11268710156
11270890012
11271470012
11271511005
11271641000
11272110013
11274750014
11275290010
11276620017
11276720155
11276840151
11276860019
11276961007
11280480010
11281810157
11282250155
11285710015
11286691008
11289201003
11290791000
11291321005
11291660154
11293460157
11294041006
11294351009
11294860017
11295261009
11295930017
11296151001
11296571000
11300321004
11301531007
11302000010
11302070013
11302101008
11305780154
11306710010
11307490018
11307650157
11309451000
11310380016
11310760019
11311110016
11311771007
11312370155
11314651008
11317151006
11318010151
11318050157
11320520015
11323490018
11324131009
11328200016
11328240152
11330361004
11332020152
11334540157
11334721005
11335090152
11335430150
11337680018
11341201009
11342120018
11343200157
11343520018
11343880156
11344720153
11347910157
11348561009
11348620011
11349150158
11349330016
11349640158
11350741002
11355191005
11355870152
11355940013
11356151008
11356241007
11356590015
11357020152
11357250015
11357410155
11358010012
11359490015
11361180158
11361300012
11362841006
11363481000
11363700151
11363760015
11368081003
11372261005
11375091003
11382180013
11383251003
11386410150
11387151001
11387381004
11388951003
11389580157
11394180019
11396191006
11400220155
11400741002
11404270016
11406711009
11406861002
11409880017
11411161000
11412080019
11412641000
11414370012
11415441002
11416541008
11418131006
11419720013
11421040012
11423110011
11423701009
11423880019
11424090014
11428680158
11430110012
11434290018
11435920159
11439471001
11439960011
11440150016
11440180153
11440570015
11442760010
11444480153
11444651001
11445450015
11445621003
11445821009
11446170158
11451240151
11451561002
11452220152
11452501007
11452560151
11453031004
11457290150
11467381007
11469220153
11479660018
11480750154
11481581004
11482091003
11483940158
11485671009
11489731007
11490480016
11492571002
11494021006
11495791003
11496690014
11498060158
11498341004
11498751004
11499130018
11502081000
11502090019
11502100156
11510610154
11513680014
11516940159
11519200015
11520720019
11523980016
11524771000
11524891006
11526930018
11527761008
11528420018
11529490010
11529660158
11530001004
11530650156
11530670154
11531511001
11531650015
11534160012
11537280155
11540070155
11540991004
11541460017
11542551004
11543280017
11543290156
11544261008
11545441005
11547200011
11547751005
11547851003
11549041009
11549590013
11551061002
11552780154
11552950013
11555020012
11560161009
11561150159
11561471001
11561880011
11566071004
11566921000
11569140012
11571531000
11575730012
11576010158
11576601006
11577731000
11578100155
11578110014
11578390012
11578751007
11578820158
11579260156
11580720156
11580721006
11584181009
11585711002
11585991000
11586150150
11589350013
11594560150
11596890159
11597560017
11599230155
11602080019
11603990158
11607280010
11611351005
11613071007
11614120019
11617270159
11617940017
11618131004
11618170010
11618201005
11618360017
11619510016
11619890152
11619961003
11621120150
11621331005
11621850152
11622230016
11622421003
11623560015
11623720015
11624301005
11625470155
11625551004
11626520156
11627670018
11628030014
11628060151
11629560019
11631030019
11633131005
11633901001
11635821009
11635830158
11636690155
11636730159
11640530157
11643290015
11645011005
11645490159
11648480157
11648860010
11648900154
11649490155
11650581009
11650611004
11650951004
11654421004
11654690152
11654861001
11655301007
11656461008
11658000150
11659501008
11659541004
11662331005
11662630158
11665471006
11665480155
11665620156
11665841000
11666221004
11666350159
11667290156
11667491002
11667581000
11667620014
11667630153
11668301002
11668330159
11668861005
11669160159
11672311005
11673301005
11674281008
11674350019
11675971003
11676741009
11676950014
11683691007
11683971003
11690810012
11694210011
11695010014
11698710156
11698820013
11700380154
11702620151
11703571007
11705420153
11706980155
11710710010
11711310018
11711810017
11714190151
11714560155
11714741003
11717451006
11718421008
11721701008
11722110019
11722691000
11723250152
11723680150
11723710015
11725320011
11725431008
11726830018
11727580018
11729961000
11731440159
11733191008
11733351008
11733610155
11734891002
11734911008
11734960013
11736930014
11737170156
11737820016
11739501002
11740870016
11744510014
11747080015
11750731009
11752061009
11759510156
11759670158
11761191003
11765320152
11766170010
11766571001
11769831006
11770590153
11771721005
11773540155
11773841009
11775680157
11776710011
11777660157
11779001004
11779750154
11782510017
11783150151
11784060151
11785261006
11786391000
11787191003
11787461000
11787781001
11788890157
11789821003
11790971003
11792050152
11792090158
11795021002
11795630018
11796031000
11798410012
11799150013
11799641003
11799880015
11800571009
11800760016
11801421006
11801680015
11802141009
11803691002
11804811005
11807720013
11810490158
11810781002
11813100150
11814010010
11814380017
11817830018
11817860155
11818430016
11818440015
11819540151
11819810158
11821650154
11823860017
11827520153
11829131009
11832901000
11835540011
11835941003
11836061009
11839920011
11841731000
11841771006
11842920016
11846700158
11849980013
11849990012
11850120152
11852820015
11853020011
11853201009
11853231006
11853261003
11854650154
11857380155
11860771002
11862071005
11862260152
11863511009
11865170150
11865601006
11867621002
11867920156
11867990019
11868320018
11870230155
11873830019
11873880154
11874080010
11877210150
11877730017
11880091001
11883151000
11886061008
11886640017
11888720015
11889490154
11889830011
11890691006
11890940155
11891150010
11891190156
11892610152
11895580014
11896530158
11897370158
11900081008
11900420156
11900660157
11901390150
11904371009
11904680011
11904981005
11905830011
11909190156
11909351006
11913431000
11916310151
11919771003
11923560152
11927240157
11931720012
11932870014
11936181004
11936731006
11936741005
11937120159
11937791009
11938100150
11941111004
11941691005
11947850159
11948820151
11950131000
11952531009
11954141005
11955900151
11958640010
11958861004
11960560156
11960801006
11967751006
11968541000
11969260014
11972070152
11974081009
11975551000
11975861003
11979461008
11981180158
11982100155
11982231000
11983680155
11984691003
11985520151
11985930152
11986311006
11986481007
11989650152
11990751007
11990981000
11991420156
11995471007
11997141004
12003311003
12003651002
12006980150
12007520153
12008331006
12009200010
12009950150
12011850018
12012271008
12014441005
12017370151
12017721007
12018571005
12019641005
12020401001
12021150151
12025750154
12026841002
12026971007
12027240014
12031880151
12032011004
12032691003
12034600150
12035111009
12038631003
12040470150
12047830158
12048330158
12049520153
12049810018
12055440155
12061670159
12062760157
12065940152
12067430152
12068031009
12068261002
12071650019
12075370150
12079020157
12080260156
12081481009
12082510152
12085140155
12085751001
12086230153
12086521007
12086841009
12087450156
12087810151
12089741008
12091071006
12093770159
12097781004
12098361004
12102970154
12103650151
12103741000
12105210152
12106290153
12109171004
12110930158
12110970154
12112190157
12112470153
12112950154
12117111000
12117870159
12118141006
12118401004
12120671008
12121260157
12122620151
12123270154
12124250155
12127570153
12129811001
12131031002
12131601002
12131781002
12133281001
12134191001
12135310154
12136081002
12136291007
12136821001
12137280157
12137730151
12138721001
12138740159
12141351002
12143040157
12144811002
12148861003
12151811002
12152341009
12154180157
12155490159
12156530151
12157610150
12157991006
12159710156
12162371004
12162461003
12165041000
12165160156
12168570153
12169170151
12169520157
12170681006
12171131001
12172191004
12172411006
12173781001
12175091003
12178170150
12179870154
12181640157
12184761000
12192380017
12192411002
12193101008
12200770159
12206020153
12207291001
12207330155
12207551008
12208491006
12208720156
12212500156
12213201002
12214481009
12214811007
12215511002
12217810154
12226391006
12228121005
12228430158
12229630152
12230011004
12231501003
12232181003
12235880155
12237010157
12237260158
12239280154
12239671006
12240140157
12242770159
12246220151
12247031003
12247460152
12247490159
12251430158
12252170159
12258471007
12260451005
12260491001
12262760155
12265050158
12265521000
12266040158
12266610158
12268110157
12268330151
12269421009
12272270153
12273281001
12274691000
12275671001
12275840150
12276360158
12276371007
12276500159
12276581001
12278141002
12278191007
12279101005
12281771001
12282361000
12282621007
12284630154
12285000159
12285001009
12287611003
12288921005
12289270154
12290431001
12292521007
12293460155
12293971003
12294711002
12296480150
12298391009
12298740155
12299030150
12299861000
12300510158
12300570152
12303151000
12305391000
12306800157
12307140157
12313340155
12314111001
12317551005
12317560154
12317571003
12319560152
12319731001
12321530151
12321591005
12321621000
12326171001
12333221005
12334781007
12335581000
12335620154
12336530154
12339141009
12339841004
12343850157
12344261008
12344841007
12345301001
12346451003
12348211009
12351651000
12352491000
12352591007
12355001004
12356540158
12366840150
12371881009
12376360157
12376911009
12378150150
12380021001
12380261003
12381520159
12384591009
12385381004
12385661009
12387301000
12387380152
12389960159
12391000150
12395011005
12396021003
12396201001
12400241001
12400571001
12403811008
12403821007
12403831006
12404241007
12405561007
12405760153
12408001001
12408211006
12409981003
12413901005
12414321005
12416381007
12416871007
12419470153
12419670158
12421000154
12421121000
12422161005
12422421003
12423741003
12425550154
12425631004
12426081001
12426370156
12426511007
12427440156
12428440155
12431031009
12433091001
12434431008
12436000157
12437471001
12437731008
12438331006
12438790151
12439190153
12439940151
12440401003
12442860156
12443891002
12444191006
12444391002
12444641000
12446571007
12447311007
12447881009
12448301007
12448541008
12449241004
12452391001
12453461001
12454740155
12459151002
12460751006
12466371007
12466581001
12469581008
12469821008
12469890151
12470160156
12470910154
12472101000
12475621004
12479491008
12479841004
12480370159
12485671007
12487620150
12489560156
12491290156
12492820159
12493421007
12493930155
12494501005
12497321005
12497331004
12497481007
12499271000
12501130152
12501221001
12502051001
12502530152
12503240157
12503640158
12505291000
12505530159
12506471007
12506621007
12506660153
12507141005
12509020157
12510021004
12511661006
12512890158
12513571005
12513721006
12513961008
12514021000
12514040158
12516561003
12517991001
12518180158
12521160155
12524630154
12531171002
12535710151
12539930151
12541241001
12542500157
12544940153
12548250153
12552030152
12555031009
12558521006
12559781005
12563341002
12565341000
12566110156
12571381008
12575151001
12576961002
12577270155
12577770154
12579770152
12579890158
12580081003
12580430150
12582690157
12583111005
12585701001
12587210159
12588571005
12589721005
12591421008
12591651000
12593250157
12597031009
12597690150
12598100159
12598921000
12599331001
12599700155
12600040153
12601771004
12602731007
12602911005
12604750153
12604931001
12605160154
12605721005
12605790158
12607001000
12607521007
12608240151
12608301003
12608311002
12608790155
12612320155
12613050157
12613231005
12614921000
12615120156
12616111006
12616241001
12617521005
12619291003
12619601003
12619641009
12619981009
12620331004
12620640156
12628260155
12628521002
12629280152
12630391006
12630921000
12632430158
12633500157
12634591007
12636160157
12636670155
12638160155
12638801006
12639470157
12640590159
12640681008
12642241009
12642350156
12644870151
12647120158
12647271001
12647361000
12647601009
12648090152
12648200157
12648970155
12649681009
12649931008
12650141000
12650460152
12650861003
12650991008
12651831005
12652601001
12652741005
12654341002
12655660152
12657321001
12662410153
12663681000
12663901002
12664811002
12669660156
12673580150
12676550150
12678440152
12681920158
12683011006
12683660158
12688841001
12689801004
12690800151
12691340157
12697321003
12698060154
12698801003
12699640152
12701361003
12701651007
12705130156
12706810152
12707430158
12709530153
12710320156
12712060156
12712891006
12716870154
12717040153
12718870152
12721450158
12723951005
12727491008
12727931003
12729451000
12731700154
12732950154
12734160158
12736110151
12736871000
12737841002
12737940150
12739301005
12739770159
12741650159
12742211001
12747061005
12747081003
12747701006
12748310153
12752370150
12753361000
12754090152
12754111008
12755291007
12758180157
12758490150
12761681001
12764201005
12766731009
12766890151
12771061004
12776310158
12781740159
12781791004
12782401009
12783591006
12784630159
12785570156
12788420151
12790080159
12790591007
12790951003
12791181006
12792990157
12794081005
12794710157
12794901004
12795001002
12797790156
12799320150
12803910152
12804330152
12806460155
12811010151
12811140156
12813351009
12814830159
12817951002
12819260154
12820001001
12820430150
12821431009
12821851008
12822570151
12835520151
12838660152
12840030154
12841720159
12844250154
12844980156
12848431008
12849080150
12849490151
12851070156
12853991003
12856601005
12856901009
12858651008
12861450158
12862301004
12862470155
12867930153
12869560156
12870180150
12870881005
12870941007
12874870152
12874961001
12877280151
12878811004
12880820159
12881330158
12882170157
12884390159
12885161005
12886790158
12886791008
12888771008
12889601006
12892341004
12893831003
12894450159
12894950158
12895411002
12897851007
12899300151
12899671007
12900791000
12902441000
12902530158
12903991003
12905171000
12905710153
12907651009
12907820158
12909581006
12912880155
12913100157
12916001006
12916041002
12918451001
12920441008
12926050159
12926771002
12927870159
12928681001
12932200152
12933490158
12933551009
12934480158
12934630158
12935460159
12937010150
12938311003
12939340159
12940250157
12947230152
12947481003
12948270157
12950001003
12951220156
12951610158
12951620157
12954190158
12957410157
12958371002
12960271000
12960360159
12961841009
12961961005
12962041005
12963870154
12967001004
12967130159
12967651006
12968460159
12968640156
12969011001
12969381008
12969910152
12969921001
12969950158
12971550152
12972191006
12973440154
12976280151
12976741004
12976900154
12977220156
12977680151
12977761001
12979160152
12979441008
12980441005
12981791002
12982621000
12986471006
12986481005
12986841000
12987401002
12987871006
12988341009
12990481009
12993240154
12999550150
13002730151
13004130152
13005180156
13008531009
13008741004
13008841002
13009191001
13010520156
13011450155
13012741008
13013451003
13014760154
13014950151
13016941000
13018341001
13019531006
13019571002
13020000157
13021541001
13022140159
13023610150
13025111009
13025670152
13025980155
13029181008
13031170155
13033940159
13034961006
13035930158
13036201005
13036360157
13037221002
13037751008
13039761005
13040701008
13042121007
13044160151
13044311002
13050330151
13052631002
13055691003
13056591004
13057791009
13059720154
13059860158
13061810159
13062011005
13063650157
13069461005
13069810151
13072720157
13073840152
13074370159
13075840150
13076081002
13077351008
13078370155
13078581009
13080370151
13082110159
13084511008
13086200154
13088971000
13089791001
13089980158
13091121007
13092191009
13093341009
13094570150
13095920156
13096831006
13097410156
13097821006
13098450151
13098981007
13101251000
13101870155
13102111005
13102211003
13102470153
13102981001
13105521002
13107371000
13107401005
13107500152
13107510151
13110801001
13111980150
13114191003
13116881007
13116971006
13119811001
13120000156
13121331006
13121601002
13121640158
13127141003
13129151000
13129920156
13130271003
13132130157
13134510158
13134721003
13134811002
13136941005
13140311005
13142481004
13144321000
13146051001
13147100153
13147250156
13147721008
13149600150
13149651005
13153101004
13153511004
13153791002
13153830156
13157120158
13158190150
13160460153
13163130159
13166010150
13166450158
13170440153
13174830151
13177020156
13179711000
13181760151
13182251002
13183641003
13185791004
13186001007
13186570159
13187830156
13187980159
13189931002
13190030158
13191170151
13193160150
13195270155
13197731006
13198750153
13199020150
13201131003
13201830158
13203301000
13210331008
13210800150
13211701001
13212741006
13212751005
13212921004
13213611000
13213621009
13215870158
13216300155
13217041006
13217451007
13218631003
13219370155
13220430154
13221501003
13223011001
13223610158
13223801005
13225031007
13226190158
13226421009
13228841006
13228870153
13230080155
13234950155
13236420157
13237991008
13238321007
13238861002
13239191003
13239950150
13241541005
13241960155
13243270157
13243480152
13243881003
13245601003
13245740157
13246250156
13247321006
13248220157
13248320155
13250950154
13251451004
13251800150
13252711000
13253451002
13254101002
13254831004
13258780157
13259101007
13259600156
13261421005
13262051009
13262070157
13262330155
13265950157
13266811002
13267011008
13267420159
13267870155
13268660159
13270801007
13271850151
13272481006
13272520159
13274571002
13275441007
13275630153
13279320157
13279541000
13279611001
13281421001
13282091001
13284071001
13285431006
13286120152
13286160158
13286770154
13287470150
13287780152
13288960159
13289980156
13290110157
13290881005
13294040152
13296261004
13296300158
13296720157
13299961006
13300501007
13300900159
13301081009
13304201000
13304721007
13305811005
13307241003
13307431000
13308871006
13309670159
13309761008
13310261006
13313330154
13316350159
13316641003
13318250159
13319290154
13319451004
13320111001
13321571005
13321691001
13321941000
13322271001
13323320153
13324561003
13326480152
13328090157
13329170156
13329760154
13330220156
13330641005
13330991004
13332361008
13332551004
13334370155
13336251007
13340651002
13341211004
13349100159
13350981000
13354010152
13356681000
13357731002
13359971002
13361440152
13366600156
13368101005
13368551001
13371770150
13373761009
13375610154
13377971000
13378161007
13378700150
13379031001
13383690156
13384190156
13387241006
13392170158
13393370153
13393941003
13394270154
13394551009
13396130158
13397191001
13397580153
13398341001
13401820157
13402981008
13405081004
13405291009
13407101008
13408410150
13410200151
13411370151
13413351001
13413450159
13415110157
13417030155
13419981009
13426641000
13426651009
13429360152
13429361002
13434681006
13439811004
13439820153
13441530154
13441661009
13444761004
13448271000
13449020158
13450720159
13451511003
13452180154
13452430153
13456241002
13456600157
13458350157
13459411008
13459520154
13459760156
13462441000
13463520158
13464990152
13467641000
13468311009
13468671006
13469021003
13470100150
13471580152
13471820152
13472280158
13475701002
13475741008
13477200151
13477530151
13478731006
13482711002
13484921005
13485131000
13488031009
13488361000
13489831001
13489991003
13493861002
13494081006
13500061000
13506441008
13511231006
13515591009
13517251008
13519161007
13528991006
13529261003
13531111006
13532111005
13538211007
13539221005
13541811009
13542941003
13547491004
13553231005
13558741008
13561971006
13563181000
13569631008
13573121004
13573191007
13575971000
13576401007
13579781009
13582141001
13582651009
13590221001
13590241009
13592061009
13596391006
13600191004
13601981007
13602511001
13602941000
13604011000
13605391005
13606471004
13607781005
13612961006
13613371007
13613961005
13614371006
13618081007
13618771003
13620101009
13621271009
13621871006
13623571000
13632641000
13633841005
13638941008
13639861007
13640741008
13641571008
13650931002
13652921001
13657101005
13659651007
13665671007
13668491007
13671601006
13674461002
13678661003
13684401006
13685431002
13694411003
13696051005
13697201005
13701211008
13705851007
13709281003
13716181006
13723681006
13727131008
13728791008
13729451008
13730081000
13730581009
13731821008
13733231008
13735481007
13739071002
13743911003
13745701006
13746121006
13749061001
13752621006
13753351009
13755191007
13755581009
13755671008
13760041007
13764421007
13765401008
13765941003
13767381000
13769381008
13774921004
13778451008
13778461007
13780031004
13784441001
13785971006
13790641008
13790841004
13791151007
13794741002
13794831001
13797961003
13797971002
13801611008
13802241003
13802701006
13810821002
13813611004
13815771004
13819081004
13823251007
13823841005
13824321007
13825111001
13827551006
13828951007
13829281008
13832101003
13832871001
13834931001
13838291006
13848561000
13849901007
13849931004
13851921000
13864451003
13866471009
13866771002
13866931002
13867671003
13869111008
13871161009
13873901006
13881381001
13882191003
13882911004
13883891007
13887031006
13887051004
13887571001
13887981002
13891971007
13892491005
13895201005
13897441005
13899531001
13903721002
13905331008
13911031006
13911041005
13916451001
13917421003
13918201008
13920231001
13923461001
13923931003
13924481008
13924521001
13927811003
13931761004
13935121007
13937901000
13947891001
13948081008
13948941003
13953231001
13960921008
13965041000
13967161004
13967301006
13967841001
13972241007
13973261004
13978441007
13990551007
13991661003
13993701005
13995231001
13995341008
13996921006
13999581005
14002031004
14003431005
14003471001
14004411006
14012721008
14015741003
14015811004
14016801004
14025421000
14029891000
14031701007
14035391003
14035581009
14042121005
14044261007
14055681002
14057261001
14059621004
14060601003
14061111002
14063111000
14064031009
14064301006
14065961006
14066951006
14067211004
14072231005
14077091008
14084231001
14089941000
14092711002
14092821009
14092891002
14093791003
14095041001
14096111001
14099051006
14100881003
14104111001
14104361002
14108831000
14109931007
14111311008
14113281001
14113701008
14114641005
14115741002
14116301004
14124901001
14127911007
14129151008
14133971003
14136331007
14139231006
14144421006
14147281001
14148131007
14149051006
14149721004
14151891000
14155731004
14160021003
14160801008
14166461005
14166511007
14170011002
14170111000
14173391005
14173921009
14175041004
14177301000
14182431008
14191291005
14199231003
14201681005
14203401006
14207911000
14208821000
14211711008
14212261003
14212271002
14213031009
14217241000
14218371004
14219161008
14221211007
14222711005
14224301003
14227981009
14229461000
14234501006
14243301000
14243311009
14251451002
14255801004
14260141008
14270181002
14273061003
14277051000
14277941002
14279921002
14280061004
14282931006
14283061001
14285331006
14289971005
14293561008
14293731007
14296481006
14296891006
14297701006
14298751000
14302241006
14315611005
14318691004
14320851000
14321141005
14321841000
14324661009
14326631000
14329841002
14334911006
14336931002
14343741006
14344781001
14346341002
14347911001
14348531006
14349001009
14357461004
14360141007
14377141008
14379481006
14380281007
14380401001
14382111004
14384931003
14385101002
14386771001
14388151004
14396221005
14397201006
14397241002
14399531004
14400071008
14410031000
14410551007
14412511009
14414681008
14414741000
14414911009
14418211000
14420901002
14420991003
14422391004
14424111004
14432461003
14433611002
14436641006
14459241007
14468061008
14468221008
14490021004
14493031000
14498421008
14500741005
14502761001
14502771000
14504441008
14508421006
14509551009
14510141006
14511751001
14513011008
14513701004
14518501003
14518801007
14521081001
14523101005
14524161008
14527391008
14527551007
14529061005
14530051003
14531131002
14531251008
14541761004
14553821001
14553831000
14553841009
14558981008
14559061008
14562561002
14565231009
14565241008
14567131009
14567261004
14568071006
14569151005
14570951005
14571181008
14571421008
14572021005
14575691002
14580841006
14586261001
14601731004
14604181009
14607261006
14613911008
14629201006
14629921009
14630911007
14633651006
14651701006
14669891005
14670481002
14673511003
14678081002
14681311008
14682731006
14683881008
14688001008
14689031004
14692711006
14693211006
14696501007
14701331002
14711241001
14721601004
14722171007
14726391007
14727781008
14728091001
14739041003
14744401002
14750121007
14753971002
14759381008
14763931004
14770511005
14779321000
14780931003
14792371008
14792991003
14795451005
14796061001
14803511006
14809081004
14813201002
14824551007
14826161003
14827671000
14829391003
14840271002
14841511000
14851121005
14862111003
14879341007
14880911004
14883281009
14890151005
14895351006
14922231007
14923841002
14929591007
14942101008
14949611009
14956981006
14957671002
14972981006
14973001002
14982611007
14982981004
14984221003
14992591009
14993611004
15001881000
15003601000
15010101002
15015641002
15029191002
15029911003
15030881005
15036081006
15044421004
15067401008
15095621007
15103681001
15146171002
15185371000
15213741000
15219551007
15241461001
15253751000
15284561006
15317101002
15348901008
15363861004
15376371009
15385071004
15386111007
15442511000
15475181002
80000570764
80000590366
80001050642
80001450883
80001750845
80001890781
80001990094
80004610236
80006970273
80007810593
80011680370
80013020807
80023090162
80023930151
80030420956
80034220717
80035090010
80047570587
80086610583
80108920630
80151940105
80170020582
80355390586
81000000869
81002630176
82001230851
82001430394
83000150439
83002430144
84001550585
84006670636
85001630244
90008520240
91000880400
91001360220
91008480880
91032440454
91155450371
91156400375
91160660378
91197950370
91356650373
92000050069
92001700142
92001860144
92003030845
92003140149
92003880140
92004770134
92005790651
92013180143
92017130144
92017310142
92020680143
92021050148
92021990467
92024820141
92045370159
93005360842
93010470727
93018000427
93021190140
93021490144
93044040421
93415890727
94063050481
94087670215
94152640481
96037460589
97566050155
97762080154
98118600174
